0
166.0219
0.7710913
66.45534
0.8134096
59.19505
0.8753647
51.28484
0.9165666
45.71227
0.9630132
37.96126
1.004739
31.33216
1.050379
24.86164
1.093289
19.13965
1.155403
11.06758
1.196126
7.645061
1.240654
4.566302
1.283287
2.081683
1.343076
0.1988102
1.383637
0.5051297
1.440254
0.9507989
1.472784
1.319824
1.520366
2.123016
1.571859
3.404328
1.620714
3.622285
1.665189
3.526922
1.716807
3.170706
1.765881
2.984259
1.811274
2.956051
1.852183
2.859512
1.897426
2.743025
1.944147
2.454554
1.998203
2.23397
2.031949
1.939468
2.089416
1.850866
2.131766
1.527775
2.180157
1.500896
2.222826
1.411946
2.279521
1.317598
2.323623
1.353207
2.369578
1.303112
2.410186
1.246155
2.453795
1.303413
2.50454
1.492528
2.554798
1.128652
2.601338
0.6042554
2.648928
0.2741124
2.6954
0.4224361
2.746426
0.9257729
2.791657
1.218846
2.835314
1.579667
2.879966
1.538751
2.934381
1.140724
2.985992
1.025457
3.024009
0.8791551
3.0696
0.6277614
3.112775
0.3881583
3.159236
0.1519511
3.203092
0.05233916
3.247152
0.2390311
3.306024
0.3292442
3.348575
0.07401875
3.395013
0.1370561
3.437936
0
3.488061
0.09487279
3.541079
0.2130625
3.588431
0.02797646
3.631696
0.1008706
3.681309
0.3165179
3.721923
0.5888388
3.765259
0.6887025
3.816042
0.7129927
3.868377
0.7561465
3.918479
0.5439265
3.955795
0.6132555
3.999395
0.4432315
4.055751
0.5151029
4.096381
0.5784457
4.141361
0.5503638
4.188883
0.7168246
4.247434
0.6010084
4.290444
0.6691033
4.334061
0.6740565
4.37573
0.7722777
4.424228
0.7348864
4.468885
0.7745547
4.522067
0.842791
4.569365
0.9867525
4.613941
0.8524867
4.65599
0.7263159
4.714194
0.4284154
4.755811
1.337352
4.809827
1.972586
4.848465
2.232042
4.890619
5.838921
4.946243
13.0435
4.980232
17.90412
5.037012
21.12645
5.08224
22.12892
5.129231
24.45052
5.171842
28.37633
5.21502
35.23237
5.272656
33.82131
5.318731
38.59843
5.359272
40.84502
5.403927
43.02955
5.462287
44.3468
5.507932
44.60807
5.551125
44.98507
5.597545
43.91324
5.644335
43.24488
5.686916
41.80481
5.727098
40.1298
5.784465
37.74416
5.834538
35.91882
5.874128
34.69278
5.919031
30.95764
5.974636
27.4192
6.021496
26.16148
6.066683
25.61953
6.113781
23.54604
6.166983
23.47884
6.211035
22.06971
6.252428
21.77657
6.301765
20.92963
6.342679
18.53362
6.38951
15.66346
6.43398
15.11057
6.489113
14.44872
6.535045
15.25482
6.578773
16.26868
6.625983
16.86803
6.678766
17.03028
6.721419
17.14565
6.767565
14.67512
6.811842
15.07821
6.858974
15.7959
6.913528
14.32944
6.95945
13.54435
7.005352
12.47922
7.047703
14.07447
7.093019
14.05754
7.145209
12.7338
7.192145
9.279532
7.237709
7.348068
7.279742
5.615275
7.327265
0.9063343
7.383848
7.28583
7.429212
12.12367
7.472747
16.94248
7.513386
20.24481
7.559304
29.16085
7.60456
33.96671
7.66185
39.40847
7.708222
44.30177
7.751505
47.8311
7.799602
54.30413
7.838645
57.96633
7.888733
60.6022
7.93383
58.17854
7.986727
57.03427
8.032899
57.74031
8.075786
59.26619
8.117198
59.82895
8.170167
56.00136
8.219045
53.16252
8.264527
54.14574
8.308374
57.97437
8.351602
60.15324
8.399323
64.21857
8.453265
64.21629
8.500119
64.8611
8.54297
67.18539
8.590675
67.44435
8.633643
68.98717
8.682551
69.54169
8.72649
68.7071
8.781002
69.09938
8.824286
68.84914
8.872242
70.56868
8.916496
70.61743
8.957931
69.59933
9.017833
66.13318
9.056696
64.94027
9.100094
64.38358
9.152072
63.76592
9.191049
61.77622
9.238743
57.27837
9.291879
55.46929
9.335452
53.14825
9.379054
48.4878
9.426806
44.95202
9.487673
37.15204
9.516012
34.30772
9.569679
29.73905
9.62009
24.98353
9.661238
19.27758
9.717151
14.43181
9.763091
13.94786
9.804996
13.42979
9.851242
11.73542
9.899737
9.589848
9.940828
8.930192
9.995253
9.264335
10.29809
14.96035
10.31104
15.15924
10.32267
15.61154
10.3339
15.77353
10.34534
15.57588
10.35776
15.54659
10.36348
15.38914
10.37581
15.30511
10.41179
16.05168
10.46514
16.69611
10.51325
16.33447
10.55356
20.12748
10.59976
22.77947
10.64769
19.72913
10.68806
21.57066
10.74336
19.57299
10.79003
19.12321
10.83188
16.78989
10.87697
15.38323
10.92432
10.6766
10.98201
2.039992
11.02235
2.343933
11.06877
8.28297
11.11149
12.85326
11.15666
18.53655
11.20298
23.32986
11.25955
28.97639
11.30539
34.96563
11.35105
39.29585
11.39091
42.59059
11.44934
42.05466
11.49068
47.0008
11.53547
50.25732
11.58047
51.50692
11.62651
49.18452
11.68473
52.43916
11.72924
56.72126
11.77372
58.23514
11.81914
60.26318
11.85956
64.30234
11.90501
68.83151
11.96021
71.64288
12.00597
74.74306
12.05275
77.55699
12.09408
76.97772
12.15347
74.86182
12.19534
76.66565
12.24192
76.87706
12.28555
75.47501
12.32954
75.66852
12.3735
75.64268
12.43072
71.37068
12.47639
71.5117
12.53245
67.64857
12.56668
66.57518
12.61043
66.35658
12.65323
62.06519
12.71199
59.23264
12.75321
53.21151
12.80084
48.0086
12.84645
44.51691
12.89756
36.48302
12.94557
30.28696
12.99092
25.30741
13.03624
21.35077
13.08907
16.71602
13.13732
13.69503
13.17844
11.50323
13.22255
10.32636
13.28103
9.096711
13.32861
8.340943
13.36797
8.796607
13.41222
9.070083
13.45784
9.119149
13.5025
8.590732
13.55659
9.813838
13.60153
13.23118
13.64759
10.73913
13.69287
8.821449
13.74019
11.18329
13.78174
11.86091
13.84029
8.618443
13.88557
4.069242
13.92679
2.745022
13.9743
2.633216
14.01448
1.919283
14.06098
1.015678
14.10633
0.409739
14.16072
4.172792
14.20575
5.078946
14.25155
3.588069
14.29686
5.075357
14.34498
6.426204
14.38541
5.565424
14.44187
7.044281
14.48887
13.19006
14.53185
11.45344
14.5776
11.16322
14.63062
11.31848
14.67544
11.46532
14.72196
10.73126
14.76575
11.18403
14.82049
11.43928
14.85574
13.68209
14.91425
12.7773
14.95385
7.459246
14.99976
6.690642
15.04695
4.840355
15.10307
4.761438
15.15016
4.216075
15.18927
6.199477
15.23519
4.088974
15.28084
2.283105
15.33371
2.946167
15.37742
0.6205508
15.42808
0.09691329
15.47047
1.36401
15.51854
1.97209
15.56431
3.706867
15.61574
4.767154
15.6594
5.61688
15.70345
5.93475
15.74984
6.975414
15.79387
8.95153
15.83563
10.37117
15.89322
10.42507
15.94028
8.819088
15.98435
9.539453
16.02936
9.334099
16.07136
11.48618
16.11727
13.70912
16.1732
10.72965
16.22027
11.08811
16.26571
10.31126
16.31127
7.966418
16.36264
6.658998
16.40811
3.604837
16.45439
4.201045
16.50068
2.069046
16.54039
1.40486
16.59981
2.213197
16.64501
1.175531
16.68618
0.8729007
16.7385
0.3019647
16.78788
1.488458
16.83194
1.686788
16.87804
2.308849
16.92001
2.506631
16.96696
2.661534
17.01128
3.052424
17.05442
2.668878
17.11068
1.974669
17.15541
1.265477
17.199
0.8400003
17.24471
0.03956468
17.28939
1.181177
17.34524
4.110803
17.39489
8.333147
17.44812
12.10423
17.48065
14.07221
17.52933
16.4252
17.5753
22.27967
17.61378
29.58239
17.67281
38.34907
17.71511
45.46691
17.75846
47.90868
17.80532
46.74348
17.85862
55.68056
17.913
58.09374
17.94873
54.8067
17.99935
51.85668
18.03694
51.65142
18.09417
55.11421
18.13878
55.35764
18.18687
53.01076
18.22904
51.47486
18.27626
50.15676
18.32784
46.84892
18.37661
42.01551
18.41643
39.05594
18.46561
35.08331
18.51832
31.62878
18.56594
28.64261
18.60748
27.94567
18.65384
24.29169
18.6966
21.436
18.75546
15.75788
18.80544
8.150206
18.84416
6.592373
18.88519
3.497768
18.93403
1.675146
18.98901
6.549278
19.03421
8.742151
19.07541
8.51643
19.12571
7.440546
19.17754
3.458419
19.22565
6.08183
19.26997
2.582402
19.3164
5.396955
19.35468
6.345017
19.41668
2.490572
19.45817
1.753235
19.50149
1.213214
19.54804
1.929554
19.59542
2.207796
19.64804
3.149271
19.69041
4.051251
19.73991
4.579282
19.78141
4.076646
19.84954
9.086899
19.90385
4.489735
19.95294
6.165578
19.98227
7.437829
20.02846
1.153518
20.08547
3.010254
20.12665
0.315279
20.17331
0.8771496
20.22215
2.530258
20.26299
6.042508
20.30519
1.95154
20.36303
0.4609765
20.40382
1.242696
20.45321
1.046985
20.49872
1.101096
20.55077
6.286437
20.59622
6.601826
20.63934
5.910888
20.68666
3.927102
20.74244
7.495906
20.78376
7.495383
20.83284
8.560844
20.87359
9.633678
20.92244
8.735048
20.96385
9.398646
21.01285
7.790269
21.06457
8.894636
21.11193
10.54876
21.15385
8.161111
21.2021
9.443751
21.25748
6.921156
21.30109
5.129691
21.34449
5.90465
21.39187
5.210452
21.43911
4.465632
21.48033
3.830577
21.52129
3.855798
21.57725
5.185838
21.62355
4.652527
21.66756
4.06669
21.71252
3.74664
21.77032
3.803696
21.80355
3.917117
21.85678
5.335975
21.90659
4.819141
21.95176
3.757079
21.99234
3.622339
22.05256
3.183461
22.09309
3.373013
22.13914
3.149892
22.18099
2.904545
22.2277
2.940979
22.28269
3.106397
22.32757
3.038282
22.37463
3.305353
22.41819
3.470288
22.45967
3.44776
22.51881
3.751916
22.56257
3.685358
22.6092
3.833694
22.65325
4.130621
22.69781
4.115849
22.75417
4.3302
22.79785
4.313115
22.84081
4.299061
22.88607
4.18479
22.92962
3.912815
22.99017
3.538561
23.02941
3.607986
23.07481
3.422225
23.11861
2.866555
23.16351
2.004474
23.22355
1.556957
23.26736
4.371436
23.31355
8.080362
23.35569
13.68071
23.41234
20.65744
23.45353
25.29641
23.50304
28.22002
23.54791
32.71753
23.58859
35.11794
23.63575
35.26612
23.69139
36.97046
23.7326
40.75513
23.77917
40.66991
23.82677
37.85135
23.86833
36.88716
23.92461
40.06475
23.97431
41.89707
24.01485
41.26781
24.06399
41.52815
24.10864
39.63464
24.16088
40.48682
24.20846
39.61563
24.24882
36.4328
24.29444
33.90356
24.337
36.47383
24.39271
37.1696
24.43788
37.47548
24.48347
36.63673
24.52694
35.63543
24.57512
33.10378
24.62116
33.25434
24.66126
33.05516
24.71562
22.73775
24.76005
17.40919
24.80722
12.44898
24.85431
12.04852
24.90773
11.49521
24.95215
13.66487
24.99776
13.38716
25.04312
7.354393
25.09002
6.515357
25.14343
6.67068
25.18953
5.281828
25.23494
4.632316
25.27621
2.411433
25.32429
0.3851218
25.36312
2.311984
25.42148
6.729398
25.46805
9.172091
25.51241
4.479996
25.5531
7.146303
25.6104
8.326122
25.65687
7.182421
25.69936
8.515668
25.74438
9.085904
25.79131
7.940824
25.84804
6.767672
25.89511
6.629217
25.93641
4.602833
25.97901
3.270998
26.02508
0.9827783
26.08251
3.222214
26.12568
4.311934
26.17276
3.659285
26.21702
6.967818
26.25788
7.110693
26.31293
4.786183
26.35785
4.112994
26.40353
3.831752
26.45814
3.166876
26.50615
2.246899
26.55225
3.752751
26.59359
4.556769
26.64018
4.307662
26.69616
4.125925
26.73888
4.496492
26.78874
5.306147
26.83964
6.67967
26.87965
9.426315
26.91983
10.73156
26.96472
10.71577
27.00622
11.27395
27.05054
11.20354
27.11036
9.128538
27.15485
7.057247
27.20782
7.048374
27.24695
5.944288
27.28684
3.780925
27.34472
4.09792
27.3847
4.030314
27.43037
4.587444
27.47724
3.226647
27.53082
3.527144
27.57987
3.191262
27.62399
2.849157
27.67041
2.929776
27.71085
2.963987
27.75494
5.109944
27.81252
6.034619
27.85741
7.217516
27.90285
7.273838
27.94487
6.151986
27.99115
4.761521
28.04745
2.31173
28.09269
1.171696
28.13501
0.8629809
28.18085
0.1938267
28.22832
1.438174
28.28081
2.484277
28.32988
4.231423
28.36845
4.49427
28.41515
5.371624
28.45885
5.529248
28.50542
5.031508
28.55939
2.667191
28.6045
1.807103
28.65026
0.6844273
28.6946
1.456697
28.74997
2.098911
28.79262
1.431491
28.83898
2.073582
28.88567
3.252632
28.93868
2.981503
28.98435
3.74162
29.03049
3.513183
29.0748
2.280189
29.11972
0.2102893
29.16115
0.1083524
29.21713
1.054434
29.26189
1.440486
29.30841
1.871371
29.35436
1.346684
29.39873
0
29.44339
0.3477423
29.497
1.409866
29.54556
0.03956468
29.58595
2.047175
29.63195
2.75385
29.68842
3.845016
29.73456
5.632386
29.77707
5.373922
29.82031
5.313638
29.86518
5.451903
29.91073
4.016199
29.97167
0.3986039
30.01104
0.03426402
30.05832
0.3386196
30.1043
1.44618
30.14408
2.301122
30.19262
2.353017
30.24644
1.502069
30.29281
3.720628
30.33426
3.618932
30.38184
3.412084
30.43727
2.905016
30.48545
4.113993
30.52522
4.487772
30.56886
4.917531
30.61503
5.142776
30.6607
5.091122
30.71782
5.787467
30.7605
5.680099
30.80629
5.953119
30.85313
4.146332
30.9064
0.5609285
30.95289
1.735734
30.99804
2.930845
31.03851
0.9312522
31.08485
0.4432315
31.13249
1.766357
31.1867
0.4622481
31.22812
0.09891172
31.27328
0.09691329
31.32026
0.05934703
31.37052
1.8312
31.42124
6.24962
31.46642
7.263554
31.51154
6.552661
31.55292
6.567189
31.60084
8.651834
31.64199
8.919186
31.69809
8.797165
31.74698
8.642248
31.78931
11.01635
31.83617
11.62449
31.8794
10.62156
31.92109
12.42948
31.98181
12.55223
32.02158
9.948626
32.06807
8.466867
32.11317
7.696283
32.15907
6.382145
32.2112
5.93792
32.25582
5.043565
32.30389
1.895065
32.34896
2.357587
32.39207
4.676799
32.43761
4.803424
32.49456
4.70228
32.53405
5.628801
32.58752
6.940429
32.65124
6.62528
32.69238
9.75802
32.73872
13.67999
32.78402
11.89617
32.83046
13.6065
32.88224
15.31396
32.92785
12.87135
32.97335
11.47633
33.0163
9.626452
33.06168
5.844859
33.11767
4.758764
33.16275
3.176874
33.20603
0.709416
33.25108
0.272681
33.29917
0.1532334
33.34011
0.2661444
33.39544
0.3527702
33.44014
0.3685048
33.48594
1.049598
33.53059
1.014907
33.57464
1.270724
33.63034
1.619671
33.67579
1.754574
33.72159
1.174365
33.76619
0.3911712
33.8213
2.162113
33.85589
2.81814
33.90864
3.866245
33.95502
3.922263
34.00426
2.866418
34.04468
2.80519
34.10163
2.058045
34.14737
4.316156
34.19236
7.132922
34.23702
7.624318
34.28106
5.340417
34.32516
5.901495
34.37798
5.43134
34.42719
5.187727
34.46778
5.349619
34.51411
3.594393
34.56034
4.324407
34.61507
4.472032
34.6605
5.041272
34.70631
5.404285
34.74678
4.065919
34.80913
4.361837
34.84956
2.349604
34.895
0.6892704
34.94042
0.3599087
34.98077
0.3232465
35.02918
1.296941
35.08674
2.806655
35.12729
2.616063
35.17369
2.650996
35.22279
1.435996
35.26327
1.224613
35.30935
0.4515415
35.36545
0.1467098
35.40636
0.5787839
35.45452
0.7962303
35.49506
0.1769387
35.54066
0.7945082
35.59748
0.220287
35.64221
0.2238118
35.68758
0.4297835
35.73194
1.533145
35.77412
1.548639
35.83241
2.488685
35.87829
2.620474
35.92318
2.738668
35.96691
2.38113
36.01253
2.164646
36.06487
1.908546
36.11028
1.577063
36.15329
1.163316
36.19855
0.3304307
36.24452
0.5549665
36.28899
0.3886621
36.33318
2.646193
36.39051
4.198526
36.43753
0.6367366
36.47745
0.254109
36.52266
2.722252
36.58205
3.134878
36.62361
2.420346
36.67245
1.973578
36.71431
1.146371
36.75983
0.2027088
36.80595
1.237172
36.86026
1.818331
36.90442
0.5678623
36.95075
0.05595291
36.99735
2.7635
37.05134
2.728142
37.09662
0.311533
37.13644
1.021058
37.1816
2.200604
37.23933
2.724623
37.29342
4.609935
37.3284
3.873633
37.37349
4.985624
37.41808
4.28592
37.46104
1.998705
37.50767
1.675614
37.56433
2.049277
37.61151
4.170398
37.65495
5.267489
37.69647
3.743713
37.74204
2.966957
37.80027
1.38041
37.83994
0.5460806
37.88778
0.1219466
37.93459
0.1297215
37.97544
0.09691329
38.03413
0.5207698
38.07601
0.4849715
38.12146
1.146201
38.16504
1.821879
38.21132
2.118495
38.27009
2.015768
38.31007
2.323216
38.35507
2.516451
38.40079
2.222727
38.44698
2.752428
38.48816
2.940181
38.5487
2.987144
38.58883
3.083372
38.63443
2.733303
38.68134
0.6113381
38.72782
2.105893
38.76896
1.663305
38.82693
0.5591815
38.87212
0.7868362
38.91499
0.1619255
38.96114
0.4706381
39.00832
3.820441
39.04855
4.310298
39.10392
8.19532
39.15025
10.11497
39.19735
8.411649
39.2374
6.414813
39.28879
5.669461
39.32798
6.994482
39.37578
8.620152
39.42638
10.28813
39.4721
11.14362
39.5214
10.65311
39.56726
12.5018
39.6186
13.99576
39.66312
13.65697
39.70615
10.44393
39.75202
8.321781
39.80024
7.077869
39.85344
4.534448
39.90118
7.164672
39.94023
3.378581
39.98583
2.155767
40.03312
3.325548
40.09016
2.137075
40.13367
2.727854
40.17858
2.371494
40.22335
2.086566
40.26987
1.781691
40.31087
2.156221
40.35715
2.200248
40.41383
2.323469
40.45841
2.23922
40.50496
2.763217
40.54501
2.693336
40.59166
3.271058
40.64789
5.235775
40.68232
6.098022
40.73734
7.581417
40.78374
7.832508
40.82241
7.105531
40.87929
6.140184
40.928
5.934386
40.9678
6.193465
41.01354
4.61957
41.05909
3.565845
41.11881
2.07594
41.15847
2.807143
41.20331
2.95797
41.2489
7.041078
41.29394
4.383874
41.3497
3.46724
41.3938
5.389579
41.44105
4.286743
41.48207
3.586978
41.53074
1.140896
41.58256
1.270724
41.62832
1.751783
41.67443
4.536694
41.72334
2.178256
41.76394
2.478677
41.8105
2.775093
41.86189
3.075426
41.90837
4.821905
41.95609
7.824911
41.99725
8.693213
42.0428
5.64021
42.09921
6.607289
42.14228
6.325271
42.18874
5.254938
42.23315
2.777138
42.27721
0.6452838
42.33639
3.837267
42.37463
5.230458
42.42091
3.227496
42.46472
5.163991
42.51281
5.894417
42.56517
6.327751
42.61237
6.543437
42.6568
6.015455
42.70156
5.060628
42.74954
4.960924
42.79019
4.414195
42.84754
4.141181
42.8914
3.760205
42.94068
2.951411
42.98173
2.610895
43.04937
0.8134917
43.0836
0.5941319
43.12823
1.638172
43.17218
2.611195
43.21301
2.61539
43.25978
0.6498165
43.31706
1.12431
43.36042
3.252873
43.40871
6.36729
43.44824
10.38586
43.49434
12.06054
43.55571
15.68493
43.59797
17.39374
43.64233
20.3137
43.68867
19.50789
43.73355
16.50033
43.78521
15.56909
43.82876
15.99209
43.8745
18.8777
43.91961
22.39335
43.96228
25.12977
44.01869
25.42233
44.06576
27.65431
44.10738
29.84422
44.15874
30.17766
44.19771
31.69127
44.2564
32.0616
44.30095
33.20554
44.3472
32.85939
44.39111
31.83909
44.43324
32.51645
44.47929
33.3842
44.5266
33.81503
44.57759
35.25755
44.62384
37.31477
44.67026
37.04578
44.715
38.01659
44.76959
38.95535
44.81129
38.97614
44.85762
38.37182
44.90346
38.83778
44.94619
40.04399
45.00178
39.32249
45.04772
40.81627
45.09338
40.23807
45.13496
37.21179
45.17922
38.34993
45.23579
37.54581
45.28067
36.08951
45.32611
36.09105
45.37595
35.86888
45.41576
35.80093
45.47372
33.1783
45.51455
31.31413
45.55984
29.29217
45.6078
27.28072
45.64853
25.23853
45.69515
24.34169
45.74883
21.91961
45.79828
16.65071
45.83823
17.60576
45.89471
7.341897
45.93971
8.425318
45.97474
10.07527
46.02956
7.4816
46.07466
6.156478
46.12093
3.021872
46.16648
6.710252
46.22129
8.991583
46.26359
13.51825
46.31028
11.35862
46.35532
10.06472
46.39823
13.4382
46.45489
13.17033
46.49813
16.30646
46.54348
11.40766
46.59137
13.37311
46.63113
15.02558
46.6765
12.6551
46.72192
11.84586
46.77947
10.12339
46.823
10.16173
46.86821
9.209103
46.91342
7.760482
46.96949
4.606449
47.01529
3.695333
47.06062
4.796078
47.10019
2.891779
47.14592
2.442323
47.19094
0.5169988
47.25066
3.075299
47.29555
1.785202
47.34135
1.677598
47.39082
0.7687222
47.44183
2.111091
47.48241
0.2517883
47.53025
2.543529
47.57203
0.7052664
47.61383
0.4210443
47.67204
1.745516
47.71873
1.400535
47.7636
2.226511
47.81021
2.482149
47.85175
2.163108
47.89423
2.662122
47.941
2.765271
47.99966
3.243048
48.04099
2.627263
48.08292
1.704332
48.13843
1.15606
48.1755
0.814213
48.23059
3.561834
48.27665
2.075092
48.32043
2.861292
48.36406
3.325666
48.42277
4.588255
48.46218
4.657871
48.50796
4.676632
48.55426
7.143502
48.60063
6.922488
48.64317
7.458247
48.68907
7.861673
48.75654
5.852802
48.78901
5.004177
48.83981
4.08629
48.88376
5.748423
48.9317
9.499763
48.98574
10.73499
49.02613
12.49956
49.06725
11.21765
49.11129
14.14844
49.1582
17.14938
49.20183
14.19178
49.25941
12.17795
49.30754
11.89161
49.34665
14.66953
49.39725
11.97727
49.44434
4.614436
49.49091
1.939468
49.54063
2.869762
49.5817
1.715662
49.62604
5.24374
49.67369
5.045933
49.72674
6.658851
49.77196
6.049447
49.8184
9.042441
49.86218
7.815499
49.91676
8.12695
49.95998
7.275618
50.00888
6.156765
50.05302
7.324292
50.09469
6.790643
50.14196
3.288607
50.19898
2.303248
50.24154
1.017603
50.29218
0.3083766
50.33456
1.423541
50.37737
1.187621
50.41711
0.7677034
50.46634
3.250284
50.51951
0.6849989
50.56492
0.5500081
50.61005
0.2246844
50.65968
0.14537
50.71595
1.692464
50.7533
0.6775311
50.79754
0.1690205
50.84408
0.4410186
50.88779
1.862251
50.94517
2.168169
50.99184
1.890516
51.03218
2.524605
51.08012
3.853969
51.12128
4.364261
51.17008
4.910674
51.22562
5.715872
51.27117
6.093359
51.31616
6.971054
51.35849
7.215695
51.40424
8.079658
51.44673
8.720802
51.50169
8.816148
51.54935
8.99119
51.59146
9.020316
51.64014
9.159355
51.68497
9.052518
51.74014
9.350803
51.78601
9.254933
51.82616
8.851173
51.87601
9.421226
51.9195
9.436693
51.97531
9.776602
52.0163
8.725441
52.06393
7.455326
52.10884
5.521445
52.15256
2.050423
52.19592
0.8985283
52.25191
6.694832
52.29809
13.32058
52.34071
22.67839
52.38604
29.88294
52.42875
33.88586
52.49056
40.58291
52.53205
43.5686
52.57512
45.01024
52.62231
46.58716
52.66693
44.81027
52.72084
43.27783
52.76705
37.41439
52.81219
31.47625
52.85697
27.79578
52.91162
31.90102
52.95574
32.49389
53.00124
32.54452
53.04691
33.51854
53.09435
34.16927
53.13526
34.12862
53.18222
33.01007
53.23743
29.1637
53.2802
31.28752
53.32699
29.49935
53.37029
25.79396
53.41401
24.45154
53.46977
19.49735
53.51497
15.71694
53.55646
12.65609
53.60674
8.17594
53.64664
8.161664
53.70577
4.103316
53.75041
1.466471
53.79742
0.6815624
53.84191
0.587175
53.88459
1.725103
53.92881
2.299846
53.98586
4.308299
54.02584
5.157309
54.0718
6.769613
54.11882
6.554696
54.17555
3.445828
54.22053
3.328432
54.26269
0.7545922
54.30576
0.644677
54.35324
3.032349
54.40679
3.745543
54.44977
4.328074
54.49799
4.273519
54.54491
4.516096
54.59424
10.31748
54.64475
9.463027
54.6874
10.5958
54.7348
13.70179
54.78218
17.81624
54.82346
21.64831
54.86517
23.90496
54.91328
27.3466
54.95509
30.02503
55.01143
33.38984
55.05378
31.97246
55.10406
30.46469
55.14317
32.38066
55.19947
31.94943
55.24825
28.38269
55.28954
26.12841
55.33729
24.30518
55.3788
20.74891
55.43611
17.51488
55.48187
14.7599
55.52217
8.664106
55.57172
4.346093
55.61492
1.719991
55.67135
1.804719
55.71645
1.69489
55.75985
2.190888
55.8155
4.238499
55.84985
4.937648
55.90215
6.557118
55.95097
9.285545
55.99198
10.44203
56.03665
11.8721
56.08709
18.05688
56.13709
20.28324
56.18647
21.99005
56.23676
24.56955
56.28315
25.95081
56.34076
26.12318
56.3837
31.71098
56.42986
32.10722
56.47442
33.08606
56.51825
36.66189
56.575
40.44719
56.61765
42.3721
56.66323
46.18012
56.71006
49.57237
56.75695
52.41719
56.80074
52.76941
56.85314
55.57399
56.89712
56.36456
56.94532
54.82639
56.99766
58.00348
57.04628
55.80709
57.08731
56.27601
57.13412
55.0277
57.17745
54.51945
57.22235
51.3207
57.28167
45.45258
57.32495
42.2973
57.36967
40.91565
57.41374
39.43161
57.46984
36.71961
57.51253
35.95641
57.56142
30.4237
57.6001
26.41238
57.64628
27.18788
57.7013
25.79006
57.74615
22.07055
57.79068
19.44565
57.83573
17.86281
57.88368
17.63273
57.93579
18.00763
57.98436
17.7455
58.02839
18.04417
58.07032
17.57047
58.1205
20.49418
58.17368
21.60213
58.21375
17.53871
58.25965
20.97747
58.30471
23.29676
58.35162
23.46562
58.39299
24.73961
58.45034
26.12972
58.49624
30.71071
58.54024
30.25805
58.58625
29.77122
58.6406
31.40381
58.68899
29.37223
58.73445
28.71862
58.78146
25.61961
58.82219
27.06381
58.86854
27.14536
58.91471
27.23778
58.96841
26.94073
59.01082
24.57153
59.05903
24.39217
59.10281
21.30463
59.15174
21.15864
59.18886
26.88701
59.24833
27.51804
59.29719
24.0884
59.33575
25.27658
59.37877
25.8969
59.43479
20.57562
59.47999
17.60649
59.52474
14.20433
59.57001
12.96449
59.61485
9.332667
59.66011
5.950188
59.71443
4.139194
59.75741
1.791768
59.80505
1.443472
59.85073
3.754524
59.89462
4.803098
59.93974
2.745735
59.99221
4.324724
60.03748
5.466872
60.08429
5.288168
60.12481
5.996394
60.17344
5.071573
60.22884
4.338379
60.27039
2.817931
60.3182
2.750365
60.36701
3.453717
60.40665
3.648729
60.4536
2.902994
60.50782
1.051647
60.54932
0.9618481
60.59451
1.505192
60.63967
0.8804895
60.68864
1.7529
60.73936
2.556195
60.77806
3.330196
60.83412
5.452802
60.8731
6.91662
60.92036
9.847342
60.9634
7.340641
61.02384
4.418097
61.06418
5.473678
61.11072
3.409385
61.15696
2.473064
61.20552
0.8965662
61.25944
1.55356
61.32113
0.98437
61.35601
0.2229358
61.3974
1.356673
61.53425
4.800283
61.54485
5.345918
61.55595
6.03725
61.60046
5.026989
61.62513
4.866108
61.67058
6.793213
61.71189
9.159956
61.77205
9.122832
61.81663
10.6515
61.86067
13.09426
61.90487
13.21869
61.94905
13.34816
62.00813
13.65973
62.05297
14.11707
62.09438
11.93626
62.13593
9.658585
62.18166
8.678015
62.23836
9.219553
62.28106
9.231056
62.32741
8.407936
62.373
9.578916
62.41872
6.90362
62.46359
5.730563
62.51945
5.108372
62.56594
4.195353
62.60454
3.081213
62.65552
1.722947
62.69515
1.571594
62.75752
1.668591
62.80215
1.720219
62.84221
1.717828
62.88658
1.72056
62.94437
1.461123
62.98861
1.328249
63.02916
0.774302
63.07524
0.06255726
63.12068
0.1282043
63.17726
0.1251145
63.22047
0.1519511
63.27213
1.768018
63.31707
3.863408
63.35865
4.90005
63.39841
5.195351
63.45267
4.233598
63.50404
5.377895
63.54535
6.747181
63.58883
7.400565
63.63422
8.015697
63.68843
8.101231
63.73386
9.511634
63.78077
10.59249
63.82739
11.33194
63.87141
11.85363
63.92241
12.20188
63.9681
12.90494
64.01891
14.43074
64.05978
14.34845
64.10308
15.56966
64.15985
15.45515
64.20156
14.64222
64.25294
12.11715
64.29465
10.98595
64.33563
10.30926
64.38508
7.757548
64.4406
6.690847
64.48466
6.098697
64.53009
4.343297
64.57688
4.102744
64.61996
4.591115
64.6623
4.419915
64.71979
5.592613
64.76288
7.293179
64.80791
8.366378
64.85445
10.89361
64.89992
14.58023
64.95321
20.57017
65.00012
22.54966
65.25984
14.71593
65.26576
20.4674
65.27273
31.08247
65.2792
34.98362
65.28577
41.40403
65.29317
50.9629
65.32156
74.2142
65.36526
102.1071
65.41505
170.6882
65.46542
157.9655
65.51265
145.7312
65.55809
130.6978
65.60239
118.8935
65.66019
108.8566
65.70296
101.048
65.74956
91.33326
65.79324
77.41775
65.8348
67.28432
65.87755
56.58707
65.9245
45.71843
65.98107
34.09912
66.02444
26.76712
66.07186
22.48544
66.11505
19.18101
66.16821
16.35043
66.2147
14.2083
66.26095
11.73623
66.30775
10.05946
66.34877
7.206799
66.39586
4.972718
66.45138
2.859581
66.49444
2.021295
66.53565
2.229322
66.58276
2.852727
66.64061
2.763926
66.6952
0.3722032
66.73662
26.40899
66.78287
1.494362
66.82927
0.4168407
66.88736
10.49629
66.93039
8.579338
66.97411
6.41466
67.01759
42.13481
67.06741
140.6168
67.10925
116.2205
67.15219
56.21103
67.20955
43.64632
67.25075
54.79187
67.30072
55.82028
67.34747
67.63783
67.38839
100.545
67.44216
138.9189
67.49178
118.4804
67.53394
105.7292
67.57518
106.533
67.62183
93.93465
67.66415
87.08237
67.72169
63.6833
67.76577
174.9385
67.81351
160.5712
67.85815
177.3024
67.90023
158.4906
67.9453
71.01778
67.99212
123.7592
68.04456
170.9411
68.09428
152.8952
68.13862
158.3297
68.184
145.6246
68.23474
141.9512
68.28142
132.7046
68.32433
132.2523
68.36971
127.6194
68.41561
121.1238
68.46113
116.9751
68.51691
109.6031
68.56054
105.2843
68.60455
101.3223
68.65195
93.14576
68.69357
91.95386
68.75062
84.45192
68.79405
81.24559
68.84402
76.03038
68.88692
72.47871
68.94517
69.08339
69.00804
63.2989
69.03228
62.40652
69.07427
57.03404
69.12212
53.534
69.17085
50.79957
69.21912
44.95729
69.27383
43.52827
69.31259
41.83967
69.35493
39.96138
69.39997
41.38182
69.44409
39.64639
69.5024
38.32539
69.5443
36.90405
69.59351
33.4157
69.63732
31.06165
69.6964
26.49404
69.74268
22.49277
69.78399
18.9898
69.82789
16.04794
69.87331
13.7332
69.91742
1.097179
69.97678
13.26025
70.01814
20.59046
70.05881
20.21942
70.10608
19.00505
70.15615
18.44547
70.21043
17.07189
70.24343
17.39562
70.31989
15.33337
