0
166.0219
0.7734008
65.50074
0.8138353
57.55128
0.8690913
47.56731
0.9152613
38.53127
0.9578038
32.93776
1.001635
27.1703
1.048587
20.35659
1.09411
13.96321
1.151451
6.405881
1.192024
1.786736
1.236648
2.989634
1.281243
5.849586
1.340756
8.597154
1.383408
9.94912
1.435085
10.61743
1.472116
10.98383
1.517685
11.13045
1.570797
12.07452
1.618105
12.59656
1.66395
12.94061
1.705247
12.69064
1.753415
12.31994
1.808389
12.23848
1.850594
12.11834
1.898082
12.04171
1.939783
11.78049
1.995755
11.38818
2.030399
11.05231
2.085674
10.71177
2.130443
10.33183
2.177565
10.38703
2.223311
10.38951
2.279186
10.28386
2.319307
10.14563
2.366727
10.08584
2.413688
10.02903
2.455509
10.03793
2.501925
9.848979
2.554284
9.475129
2.602382
9.234653
2.644338
9.201631
2.688908
8.910151
2.744153
8.559054
2.791144
8.718887
2.836119
8.647927
2.882527
8.460278
2.934083
8.315148
2.983007
8.190289
3.022926
7.705636
3.069069
6.455065
3.114654
5.038667
3.162081
3.715625
3.202317
2.671298
3.247979
1.636977
3.303326
0.680413
3.349617
0.07661668
3.392019
0.3208161
3.437819
0.4747775
3.485595
0.5808088
3.543433
0.7600183
3.583341
1.67538
3.63204
2.03134
3.671999
1.357106
3.717359
0.7499101
3.76257
0.01978234
3.805722
0.8244823
3.865059
1.337498
3.909766
1.423403
3.954412
1.314476
3.99771
1.476445
4.054834
1.346103
4.094831
1.319973
4.139541
1.414854
4.185377
1.349877
4.244356
1.521743
4.289945
1.557585
4.334164
1.824562
4.374649
2.14046
4.419752
2.523751
4.46559
2.736452
4.519156
2.838005
4.566139
2.80805
4.612777
3.082229
4.654778
3.303576
4.710883
3.503864
4.756185
5.300715
4.800245
5.937986
4.848089
6.013304
4.892122
9.321056
4.947057
16.02643
4.982665
19.63141
5.036051
20.41253
5.081546
19.56959
5.127676
19.77222
5.171681
23.73143
5.214452
30.49092
5.270125
28.91172
5.314956
33.58921
5.361683
35.10653
5.407386
36.62892
5.460297
37.93029
5.506249
38.21947
5.548531
38.61572
5.596035
38.57718
5.639038
37.00045
5.683842
35.82191
5.729253
35.04675
5.782514
33.88198
5.830665
32.78291
5.872404
30.75286
5.918263
27.06991
5.973998
23.60848
6.021028
22.44626
6.06574
22.81206
6.11104
21.95841
6.161879
22.01182
6.209041
20.2635
6.253709
19.78595
6.299207
18.86194
6.346128
16.41285
6.388483
15.72394
6.433455
17.44666
6.489573
20.00106
6.530402
20.43947
6.576689
20.21623
6.620281
20.66333
6.677675
21.52598
6.722321
22.461
6.769464
20.92792
6.812633
21.64257
6.857661
22.06911
6.91297
20.27298
6.959693
20.04452
6.999579
19.23357
7.047225
20.58344
7.093324
20.80973
7.146695
20.07797
7.192018
17.24355
7.235074
15.28629
7.279709
13.17338
7.326315
7.674116
7.38235
1.106768
7.424884
5.614472
7.473199
9.829353
7.514484
12.2368
7.561592
20.89618
7.602869
26.52275
7.662155
32.77386
7.706395
37.29179
7.752072
38.28328
7.793509
43.1818
7.840376
45.59899
7.885555
47.87069
7.928254
47.40631
7.984092
46.06371
8.028119
45.08206
8.072007
47.40844
8.1185
48.24784
8.164263
46.7158
8.22353
39.97721
8.263059
40.85612
8.309851
43.97171
8.351763
45.71016
8.397775
49.77661
8.453125
50.21634
8.499231
51.57064
8.545196
54.03719
8.590921
53.95707
8.644535
54.10605
8.677301
55.66192
8.719824
54.33521
8.776517
52.75123
8.820788
52.02587
8.868749
53.25829
8.909688
53.90055
8.954521
51.17466
9.011632
47.84654
9.055103
44.61758
9.099749
43.4747
9.146103
42.32083
9.191749
39.83031
9.235018
35.18182
9.294127
32.59076
9.334437
32.39593
9.380394
28.46678
9.426396
25.84513
9.479702
20.12417
9.515092
16.38462
9.573411
12.37701
9.613869
7.923526
9.658839
2.800441
9.715498
0.5089886
9.763651
0.0656106
9.804148
1.916834
9.851627
2.192585
9.892436
0.3189811
9.93748
0.166689
9.995692
0.9140738
10.29513
8.138803
10.31063
7.782657
10.32132
7.821222
10.33233
7.580692
10.34229
7.367189
10.35341
6.989096
10.36419
6.514393
10.37458
6.225166
10.41104
7.575668
10.46431
10.45158
10.51041
11.99268
10.55628
16.39474
10.59807
16.73131
10.64694
12.23632
10.68814
12.80632
10.74451
10.48449
10.78794
9.933116
10.83508
5.611574
10.8798
3.663136
10.92465
1.606081
10.97982
7.836917
11.02168
10.68896
11.06844
14.37161
11.1154
17.07165
11.15644
20.88091
11.20259
24.97732
11.25512
29.64696
11.30046
35.6534
11.34797
41.1418
11.39192
44.00141
11.44741
41.69122
11.49393
45.2123
11.53496
47.69922
11.58094
48.34267
11.62686
44.42193
11.67967
46.16813
11.72587
49.708
11.77297
53.2537
11.81834
56.65744
11.86294
60.23264
11.90444
65.36277
11.95976
67.70975
12.00587
70.34814
12.05003
72.69255
12.09334
71.74695
12.15366
68.9446
12.1947
70.42068
12.24002
70.18861
12.28287
68.52377
12.32824
68.42483
12.37187
67.99868
12.4299
62.09272
12.47686
63.09707
12.52186
59.93679
12.56598
57.09524
12.60771
56.03712
12.65268
50.7483
12.71104
47.65369
12.75226
42.44563
12.79839
38.15983
12.84339
35.75825
12.90248
27.46025
12.94309
23.10081
12.98876
18.15692
13.03414
14.19773
13.08941
9.999163
13.13336
7.683471
13.18079
5.103498
13.22217
4.37909
13.28096
3.74366
13.32671
3.310916
13.36935
3.584193
13.41682
3.358355
13.4592
3.259126
13.5043
2.966693
13.55649
4.377614
13.60345
7.071298
13.65095
3.93935
13.69371
1.113115
13.73969
2.812925
13.78115
3.059919
13.83725
2.417271
13.88514
0.5105241
13.92705
0.98238
13.97296
1.501417
14.01452
0.7828471
14.06029
0.6898379
14.10791
2.243935
14.16353
1.488852
14.20988
1.500504
14.25101
1.217079
14.29485
0.4005627
14.34127
0.254109
14.38795
1.788816
14.44061
1.421752
14.487
3.912815
14.53088
1.112236
14.57791
0.3685048
14.62862
1.709262
14.67458
2.792671
14.71805
2.913427
14.7639
3.511455
14.81867
4.047673
14.85602
6.541549
14.90964
8.067329
14.9544
4.594058
15.00088
6.253447
15.04243
5.987757
15.10178
7.467922
15.14241
8.764167
15.19058
11.58852
15.2359
10.58322
15.27747
9.435944
15.33429
11.23154
15.38084
9.404165
15.42274
9.142993
15.46941
7.478504
15.51292
5.800931
15.55761
2.890966
15.61244
0.7669383
15.66004
3.282172
15.70169
4.175279
15.7468
5.88693
15.79134
8.282852
15.83723
9.734175
15.89221
9.808287
15.93644
8.601036
15.98449
9.858538
16.02621
10.33295
16.07169
13.00841
16.11766
13.89676
16.17365
9.115959
16.21792
8.384665
16.26422
7.631187
16.30461
5.776145
16.36282
5.644274
16.40463
2.767323
16.45107
3.440995
16.49841
1.664951
16.54125
1.416512
16.59863
3.128564
16.64027
2.769303
16.68623
2.794423
16.72859
3.046325
16.78898
2.269951
16.8302
2.496538
16.87498
2.84682
16.9251
3.682541
16.96416
4.443869
17.01119
3.921563
17.05614
4.212218
17.11197
4.361477
17.15385
4.295597
17.1992
3.815518
17.24522
4.503239
17.28716
5.553121
17.34573
8.247812
17.39211
11.81917
17.44469
14.5009
17.47801
15.99993
17.52903
17.67145
17.57052
22.16728
17.61131
28.09584
17.66973
34.46471
17.71113
38.16912
17.75631
37.88498
17.80114
34.67368
17.85824
41.69032
17.90509
42.34222
17.94904
37.25718
17.99435
32.39834
18.03543
29.78014
18.09307
33.94328
18.14058
35.10924
18.18143
33.81552
18.22742
33.83491
18.27148
34.74444
18.32746
33.98412
18.3742
32.24921
18.41612
31.48382
18.46242
29.73665
18.51962
28.99377
18.56365
27.77411
18.60817
28.64115
18.6504
27.28156
18.69547
25.02138
18.75334
20.66329
18.79456
14.17481
18.83977
14.21186
18.88553
13.17826
18.93148
11.66081
18.9852
8.571872
19.03039
7.700311
19.0771
9.346282
19.12355
11.82932
19.17671
16.4996
19.22194
14.80818
19.26831
18.00634
19.31115
14.44097
19.35855
12.28658
19.41104
14.49143
19.45663
13.55875
19.50307
14.66949
19.54308
12.9899
19.59143
11.46537
19.64695
10.01166
19.69025
10.09789
19.73416
9.924699
19.77858
8.394425
19.85011
11.49689
19.89343
7.07967
19.93504
7.49719
19.98475
7.440941
20.02522
2.38696
20.08163
0.2281412
20.12803
4.834726
20.17318
7.62792
20.2191
10.65754
20.26191
16.1473
20.30632
14.41951
20.3638
14.22197
20.40509
12.79537
20.45043
16.37046
20.49677
15.60173
20.55063
12.417
20.59809
12.90031
20.6392
13.80645
20.68532
15.13733
20.74204
10.82637
20.78921
10.10748
20.8317
8.108885
20.87273
5.74177
20.91748
4.461376
20.96247
1.555825
21.01084
1.248352
21.06713
2.120895
21.10789
5.261981
21.15483
3.032413
21.19798
4.515922
21.25389
2.982947
21.29997
2.180591
21.34541
3.841297
21.38978
4.280753
21.43535
4.492788
21.47548
4.36444
21.52417
4.551049
21.58002
5.58051
21.62192
4.747801
21.66654
4.250865
21.71036
3.900836
21.7689
3.428169
21.80152
3.195308
21.85595
4.117182
21.90188
3.542874
21.94737
2.836556
21.99207
3.009278
22.04926
2.854853
22.09181
3.30067
22.13664
3.532192
22.18222
3.663724
22.22557
3.998705
22.28006
4.219744
22.32661
4.24067
22.37223
4.611464
22.41713
4.78606
22.46293
4.850867
22.51754
5.271245
22.56396
4.681865
22.61159
4.445058
22.65204
4.010099
22.69586
3.250043
22.74994
2.266154
22.79646
1.275182
22.83896
0.3165179
22.88497
0.2167048
22.92984
0.3732531
22.98603
0.5517841
23.03312
0.4467493
23.07425
0.7979487
23.11975
1.708231
23.16591
2.601206
23.22295
5.810924
23.26239
8.771067
23.30819
12.24619
23.35352
17.22861
23.40894
23.22533
23.45692
26.22266
23.50134
28.86058
23.54187
32.65964
23.58755
33.92124
23.63506
35.44327
23.69076
38.95295
23.7318
44.07093
23.77718
45.58625
23.82206
43.97498
23.86658
43.98241
23.92233
47.27776
23.96786
49.32538
24.01348
48.90712
24.05592
49.34669
24.10154
47.62417
24.16072
48.42921
24.20578
47.36747
24.24935
43.42526
24.28993
41.60524
24.33915
41.22997
24.39087
42.30553
24.43995
42.93246
24.48025
42.42906
24.52667
40.9444
24.57236
39.22448
24.61876
39.27219
24.66156
39.35799
24.71758
29.45979
24.76386
22.74646
24.80481
19.23082
24.85202
18.82399
24.9089
18.2688
24.95373
20.45148
24.99473
20.17168
25.0436
14.12887
25.08399
13.29835
25.14108
13.44361
25.18708
10.36113
25.23281
8.096697
25.27565
4.392444
25.31826
0.7930291
25.36377
1.889584
25.42231
6.335678
25.46708
8.379043
25.51286
3.321837
25.55274
5.815408
25.61319
6.910804
25.65644
5.815206
25.69802
6.902824
25.74482
7.240152
25.79017
5.848212
25.85057
5.029249
25.89235
5.715837
25.93243
4.013565
25.97874
2.882762
26.02569
0.3966355
26.07846
3.811924
26.12611
4.879737
26.17199
4.078904
26.21323
7.045757
26.25742
7.424284
26.3117
5.659289
26.35766
5.164523
26.40433
3.468199
26.45792
1.435451
26.50329
1.211439
26.54901
1.772551
26.59441
2.077354
26.64215
2.5325
26.69537
4.09749
26.74443
5.70018
26.78327
7.586178
26.82823
9.250813
26.87402
12.52108
26.91995
14.71782
26.96552
15.16859
27.00624
15.70964
27.04987
15.19147
27.1073
11.52313
27.15337
8.654216
27.20728
8.353011
27.24316
7.977006
27.28783
6.012522
27.34383
5.967688
27.38604
6.379472
27.43347
7.819918
27.47785
7.217544
27.53285
7.77342
27.57458
7.56919
27.61927
7.32381
27.66544
1.673744
27.70944
1.872626
27.75422
0.1027921
27.81131
0.02797646
27.8574
0.03426402
27.90118
2.023327
27.9465
3.879442
27.99111
5.801471
28.04667
7.921766
28.09
7.945668
28.1364
6.803138
28.17845
5.82265
28.22455
3.409615
28.28105
1.293768
28.32484
0.9364907
28.37225
1.081551
28.41456
0.3588198
28.46154
0.6629335
28.50443
1.609246
28.55812
3.131066
28.60346
2.541219
28.64996
4.854298
28.69279
6.985362
28.74889
4.954166
28.79487
6.644581
28.83985
6.488243
28.88556
4.974648
28.93815
4.202816
28.98611
3.30073
29.02749
3.631462
29.073
4.643677
29.11642
6.861213
29.16202
6.580017
29.21808
7.239935
29.26579
7.133417
29.30889
6.686331
29.35339
6.95511
29.39878
6.781366
29.44455
8.213628
29.49877
7.807534
29.54565
8.354916
29.58674
8.857076
29.63232
7.560188
29.68687
6.120293
29.73429
5.909263
29.77509
4.787247
29.81946
4.002033
29.86648
4.359816
29.91439
3.066501
29.96939
0.9185583
30.00997
0.2873554
30.05744
1.490297
30.10574
0.2967354
30.14357
0.1643245
30.19271
0.1866263
30.24789
0.9087062
30.29179
0.1713202
30.33315
0.234068
30.37825
0.03426402
30.43528
0.3380413
30.47992
0.04423466
30.52444
0.09891172
30.56982
0.2176059
30.61564
0.4965344
30.65944
0.4743652
30.7172
0.8343908
30.7617
0.4677188
30.8069
0.7843454
30.84881
0.5374122
30.90644
3.468256
30.94917
1.734381
30.99485
0.1791368
31.04242
0.9805858
31.08188
1.471134
31.12704
2.291747
31.18373
0.1735894
31.23004
0.564406
31.27171
0.9632712
31.31811
1.148247
31.36246
1.511161
31.41761
4.192225
31.46279
4.40709
31.50859
2.553206
31.55249
2.989896
31.59542
4.661528
31.64547
4.84913
31.69683
4.24856
31.7408
4.116706
31.7867
6.924783
31.83239
8.02118
31.87666
6.744623
31.92443
8.194458
31.97824
8.788855
32.02039
7.116097
32.06608
6.55661
32.11307
6.59163
32.15585
5.43556
32.21125
4.492047
32.2571
3.94104
32.30019
1.840688
32.34808
0.962255
32.39412
2.824245
32.43596
3.057743
32.49186
3.875604
32.541
5.559082
32.58192
7.925384
32.64618
7.730734
32.69193
10.97063
32.74111
14.81884
32.78274
12.81493
32.83068
13.53691
32.88347
15.89208
32.92468
14.1625
32.97348
11.74301
33.01548
9.088456
33.06124
4.318334
33.11759
3.107972
33.15991
1.895375
33.20553
0.2954137
33.25196
0
33.29748
0.2486604
33.34201
0.5147229
33.40232
0.4575681
33.44355
0.07912937
33.48418
0.5716401
33.53057
0.3856296
33.57359
0.4597013
33.62925
0.1356209
33.67714
0.7209076
33.72195
2.451522
33.76463
3.748051
33.81977
4.405356
33.85602
4.278648
33.91229
3.16873
33.95486
2.191246
33.99705
1.36444
34.04266
1.238121
34.09787
1.995962
34.1431
5.168542
34.18764
7.997013
34.23272
8.679848
34.2787
6.778676
34.32427
6.778444
34.37936
4.806075
34.42318
3.90886
34.4698
3.581077
34.51089
2.246899
34.55876
3.398457
34.61591
3.511288
34.6569
4.13427
34.70248
5.025079
34.74755
4.256252
34.80066
4.719163
34.84781
2.793512
34.89366
1.109593
34.93494
0.3753442
34.98309
0.7813459
35.02874
1.691885
35.08442
1.303112
35.12566
0.4159008
35.17149
1.554945
35.21589
2.349021
35.26208
2.794003
35.30391
3.476939
35.3667
3.554902
35.41028
2.39081
35.45485
1.701919
35.49443
2.181488
35.54
3.372607
35.59763
3.140929
35.64279
3.413575
35.68961
4.058206
35.73193
5.524354
35.77415
5.365493
35.83241
5.489694
35.87691
5.245607
35.92387
4.939552
35.96351
4.255193
36.01186
3.344334
36.06556
2.797574
36.11053
2.284048
36.15546
1.653156
36.20074
0.6449805
36.24639
0.7107937
36.28802
0.3886621
36.33143
2.823622
36.38875
4.240763
36.43316
0.9797872
36.4809
0.09065409
36.52569
2.338331
36.58105
2.876508
36.62227
1.364297
36.66754
0.3769049
36.71118
2.21072
36.7571
4.352262
36.80463
7.69562
36.86065
9.945462
36.90242
11.02046
36.95
11.14855
36.99422
13.54583
37.05165
12.88881
37.0922
10.19914
37.13879
8.684576
37.18093
7.502317
37.22977
6.461289
37.27068
4.298924
37.32651
4.651811
37.37237
2.365296
37.41973
0.7265852
37.45966
0.3499859
37.50509
1.472862
37.56046
1.751448
37.60623
3.512905
37.65184
3.902593
37.69764
2.063838
37.74255
1.620879
37.80112
1.438038
37.84149
0.1282043
37.88641
0.873349
37.93165
0.8448781
37.97731
1.187291
38.03368
1.509606
38.07669
0.4921804
38.12009
2.063553
38.16344
2.639008
38.20961
2.641158
38.26783
2.588534
38.31108
2.650553
38.35414
2.624877
38.39983
2.137441
38.44716
2.593444
38.48956
3.405421
38.54478
4.631131
38.59172
4.948666
38.63472
4.319558
38.68106
1.182006
38.72642
0.339197
38.77077
3.290869
38.82347
2.243325
38.86967
1.039293
38.91425
2.585659
38.9586
3.5831
39.00384
6.566502
39.0483
6.292017
39.10427
9.365819
39.15065
10.82662
39.1927
8.886526
39.23822
7.247519
39.28313
7.170694
39.32919
8.634062
39.37391
9.551128
39.42858
10.56066
39.47471
10.57235
39.51535
10.19877
39.55995
12.90948
39.61578
14.82893
39.66393
15.15433
39.70575
13.36674
39.75125
11.74794
39.79705
10.2897
39.85004
8.812537
39.89616
12.50156
39.94138
10.07976
39.98863
10.07156
40.03228
11.64804
40.08733
10.25296
40.13135
9.990839
40.17373
8.153409
40.22046
6.027923
40.26786
4.927957
40.3124
4.919243
40.35251
4.866994
40.41061
4.518177
40.45345
4.331693
40.49804
4.848241
40.54759
4.762015
40.59076
4.845978
40.64412
5.300345
40.67864
5.067631
40.73516
6.746484
40.78036
8.581627
40.82618
9.44346
40.88029
9.95242
40.92655
9.774449
40.97214
9.643857
41.014
8.004889
41.05685
6.802071
41.11279
5.272583
41.1598
6.403707
41.20616
7.239745
41.25077
11.60512
41.29237
9.813036
41.34766
9.952953
41.39309
11.88521
41.43823
10.59598
41.48201
9.131552
41.52719
5.657487
41.58284
5.333955
41.62917
2.335651
41.67398
0.1235407
41.71946
2.51855
41.76048
2.593897
41.80629
2.287473
41.86428
2.121541
41.90731
0.05595291
41.95253
3.585776
41.99839
4.226932
42.04136
1.352773
42.09876
3.632864
42.14051
3.498999
42.18774
2.574963
42.23525
0.8318071
42.27771
1.045301
42.33245
1.259121
42.37786
1.916221
42.41979
0.9312522
42.4664
0.4941643
42.51146
0.4626713
42.56576
0.2332305
42.61003
0.08622923
42.65448
0.7679582
42.70044
1.71703
42.74564
1.607786
42.78926
1.667066
42.84422
1.290891
42.89207
0.7074825
42.93334
0.2430897
42.98077
0.5062904
43.04622
1.150801
43.07954
1.447803
43.12527
2.52933
43.16918
3.25203
43.21437
4.487903
43.26173
6.75845
43.31419
8.259065
43.35913
9.803675
43.40674
13.19515
43.4516
16.81093
43.49389
19.39324
43.55021
18.15208
43.59672
13.7554
43.63721
18.20628
43.6854
17.49421
43.72853
14.70159
43.78534
13.82447
43.8305
14.20839
43.87256
17.53529
43.91744
20.20023
43.96267
22.52101
44.01766
22.10004
44.06232
23.17018
44.1109
24.13805
44.15099
25.10901
44.19617
25.92977
44.25261
27.04677
44.30111
27.56554
44.3427
26.89484
44.38977
24.64356
44.43102
24.66985
44.47615
24.8771
44.52334
24.66335
44.5766
25.16049
44.6225
26.57041
44.66768
25.48769
44.7104
26.03457
44.76587
26.48048
44.81181
26.31027
44.85739
25.61874
44.90165
25.88187
44.94759
26.92759
45.00273
26.10563
45.04917
27.51973
45.09484
26.93866
45.13862
23.55423
45.1801
24.7413
45.23668
24.3526
45.28066
22.89165
45.32438
22.90924
45.36861
22.69456
45.41476
22.57708
45.4708
19.95593
45.51326
18.25514
45.56037
16.28569
45.60604
14.26383
45.65018
12.04145
45.69552
10.9651
45.74896
7.655579
45.79555
2.906903
45.8414
3.108728
45.8928
8.96368
45.94115
6.849597
45.97287
4.218722
46.02777
5.864277
46.07377
6.698171
46.1205
9.485331
46.1661
5.381938
46.22055
2.651882
46.26622
2.176728
46.30743
0.2438933
46.35421
2.056237
46.39549
0.6912548
46.45455
0.02797646
46.49928
3.024203
46.54349
2.484435
46.58813
0.9743798
46.63462
0.05595291
46.67861
1.19812
46.72663
0.6019843
46.77914
1.175032
46.82002
0.2790645
46.86582
0.4454334
46.91528
1.081913
46.96829
3.052168
47.01422
2.504287
47.05798
1.562979
47.10253
3.5333
47.14779
4.186849
47.19021
7.211045
47.24669
9.462736
47.29228
8.201427
47.3409
8.082306
47.38215
6.852574
47.43773
7.750689
47.48222
5.734324
47.52723
2.726275
47.57055
4.433498
47.61892
4.530645
47.67208
2.843793
47.71785
2.797014
47.76143
1.827777
47.80636
1.18795
47.85151
1.835257
47.89326
1.531613
47.93785
1.664716
47.99447
1.609246
48.03908
2.281476
48.0835
3.045233
48.13992
5.5335
48.17226
5.115157
48.22867
0.4130683
48.2733
2.419941
48.3168
1.637336
48.36242
1.172531
48.41942
0.05233916
48.46601
0.04845664
48.51176
0.1928145
48.55363
1.771004
48.59954
1.335302
48.64535
2.054999
48.68646
3.216437
48.74539
2.780941
48.78934
1.93654
48.83434
0.5841681
48.87582
2.461561
48.92222
6.945457
48.97879
9.037007
49.02383
11.10975
49.06913
10.48522
49.11066
13.57435
49.15984
16.92131
49.20116
14.29429
49.25687
12.19925
49.30287
11.60155
49.34578
14.45046
49.38987
12.72864
49.43762
7.238959
49.49156
4.140944
49.5378
5.153166
49.58077
4.073811
49.62675
2.892794
49.66964
2.788814
49.72629
4.107371
49.77374
3.246185
49.81481
5.69822
49.86082
3.045361
49.91675
1.710521
49.96429
0.7930291
50.00499
1.973479
50.05091
0.2272819
50.09604
0.05233916
50.14225
1.739339
50.19718
2.437269
50.24451
4.008878
50.28606
4.011662
50.33126
5.627129
50.37457
6.374799
50.41987
5.831262
50.46658
7.581158
50.51978
3.431366
50.56754
0.9076288
50.61051
1.134704
50.65726
0.4173099
50.71003
0.7758168
50.75341
0.774302
50.80115
0.2733977
50.84381
0.1519511
50.8863
1.275182
50.94473
1.14995
50.99153
0.8240075
51.03355
1.274722
51.08029
2.273742
51.12319
2.351686
51.16599
2.405908
51.22184
2.772199
51.26922
2.852315
51.31234
3.602501
51.35774
4.036966
51.39977
5.033844
51.44596
5.790582
51.50466
5.890758
51.54602
6.066209
51.59319
6.162112
51.63854
6.520772
51.68303
6.501889
51.73428
6.546583
51.78217
5.901662
51.82974
5.23873
51.87041
5.558482
51.9164
5.062099
51.97105
5.058769
52.01489
3.825103
52.06033
2.328097
52.10666
0.1136409
52.15242
4.282217
52.1956
8.321027
52.25115
14.08442
52.29853
20.62242
52.34261
29.67559
52.3847
37.3437
52.42817
41.56256
52.48453
45.79287
52.53029
47.88798
52.57395
48.20123
52.61851
47.94344
52.66317
47.73331
52.71818
45.63908
52.76503
40.82442
52.80782
36.60947
52.85373
35.15351
52.91028
41.67556
52.9527
41.82775
53.00061
41.91188
53.0416
40.82003
53.08662
40.46953
53.13242
40.65587
53.17889
40.27368
53.23376
34.75781
53.28069
35.1052
53.32595
32.58084
53.36742
28.40602
53.41605
25.96636
53.46746
23.2977
53.51237
20.33143
53.55581
17.89773
53.60178
13.97528
53.64933
14.22687
53.70491
10.41605
53.74608
8.394543
53.79327
8.059489
53.83713
8.309786
53.88178
9.715797
53.92872
10.35393
53.98477
12.27191
54.02816
12.59423
54.07369
13.39231
54.11579
12.85036
54.1721
9.377165
54.22029
8.9573
54.2608
6.065369
54.30614
4.322414
54.35155
1.692926
54.40918
0.7364823
54.45144
0.05934703
54.49756
0.4981082
54.54055
0.5492961
54.5866
5.313158
54.64374
5.70128
54.68585
7.258501
54.73192
10.25922
54.7779
15.07221
54.82236
18.68042
54.86652
20.86128
54.90726
24.31598
54.9529
26.94106
55.00769
30.00115
55.05537
27.75744
55.10184
26.93178
55.14366
28.47881
55.19981
27.52257
55.24348
24.48764
55.29045
21.32507
55.33157
20.03694
55.37756
16.17368
55.43733
12.59066
55.47754
9.673168
55.52356
3.623582
55.56989
0.1480375
55.6147
2.824176
55.66992
4.910553
55.71643
4.735283
55.75771
5.234988
55.81513
7.964692
55.84996
9.803313
55.90306
11.47331
55.9502
13.85318
55.99128
14.91807
56.03979
15.90512
56.08139
20.73984
56.13688
21.3131
56.18335
19.27875
56.2397
18.64019
56.2856
18.00962
56.33707
15.94714
56.38681
20.82581
56.42775
20.62878
56.47532
20.64807
56.51715
23.6592
56.57307
26.48129
56.61806
27.326
56.66217
30.11164
56.70952
32.83365
56.75063
35.71652
56.79682
36.17746
56.85299
39.27797
56.89974
40.29342
56.94057
39.68881
56.99689
41.87877
57.04571
39.50505
57.08668
39.76161
57.13169
38.28274
57.17841
37.47404
57.21956
34.72985
57.27944
27.68233
57.32068
26.45833
57.36624
26.23582
57.41434
25.20698
57.46783
22.40212
57.51237
20.62077
57.55791
15.74877
57.59975
11.27089
57.64512
10.85803
57.70028
6.770511
57.74652
0.9705567
57.79277
0.5938025
57.83373
1.844936
57.88008
3.796379
57.93607
5.964665
57.98222
6.286904
58.02816
6.515116
58.07088
6.171458
58.11665
9.077835
58.17004
11.17026
58.21588
7.755498
58.26368
10.66559
58.3085
11.62275
58.34927
12.08459
58.40113
13.77216
58.46711
16.03098
58.49678
21.17207
58.53848
21.24535
58.5848
22.39078
58.63893
23.86501
58.68744
21.57098
58.72925
20.64534
58.7761
17.62817
58.82015
17.4052
58.8645
17.03099
58.909
16.9311
58.96359
16.54228
59.00998
14.17676
59.05558
13.93396
59.09881
10.61582
59.14317
10.24455
59.18919
15.81944
59.24464
15.53823
59.2928
11.06073
59.33244
12.19123
59.37749
12.49839
59.43322
7.066497
59.47807
4.911232
59.52049
2.41257
59.56934
3.477896
59.61176
1.028696
59.65515
0.5974163
59.71518
0.05934703
59.75633
1.314625
59.80159
3.21735
59.84652
5.644552
59.88965
6.355175
59.93362
3.950271
59.99398
4.924776
60.03474
5.74665
60.0801
6.275761
60.127
8.405833
60.1691
8.857253
60.22841
10.27529
60.27242
9.767285
60.31501
10.12862
60.36042
11.33119
60.40579
11.78139
60.45098
10.94483
60.50649
9.437403
60.55159
7.749878
60.59255
7.285319
60.63979
7.327693
60.68203
5.775127
60.73956
4.490738
60.77394
3.933082
60.82951
1.931987
60.8747
0.6752167
60.91764
2.616886
60.96507
0.4414621
61.02075
2.520181
61.06222
0.7722777
61.10911
2.827363
61.1552
3.371272
61.19991
4.993516
61.25455
4.751184
61.30123
4.897491
61.34247
5.095046
61.38918
5.503634
61.43065
5.55305
61.4914
5.762691
61.53276
6.096607
61.58054
4.862524
61.62597
4.96641
61.66762
6.688502
61.71237
8.855944
61.76925
7.620635
61.81162
8.070249
61.85684
9.069172
61.90365
8.223041
61.94644
8.080629
62.00491
7.774658
62.0449
7.665032
62.09324
4.918208
62.13663
2.483489
62.18298
1.80461
62.23837
2.362646
62.28246
2.123385
62.33038
1.049225
62.36964
2.229322
62.41511
0.03956468
62.45956
0
62.51462
1.676314
62.56146
1.933708
62.60658
1.787503
62.65187
0.9071976
62.69345
0.8035691
62.75165
0.2790645
62.79311
1.991446
62.83819
3.29295
62.88615
4.261908
62.94429
5.710142
62.98682
5.841639
63.03109
6.804752
63.07661
7.844127
63.121
8.488018
63.1739
9.207993
63.2196
10.27177
63.26533
10.49218
63.30754
9.753929
63.3545
9.704357
63.40196
10.02342
63.45465
10.89255
63.50117
9.197401
63.54169
7.118192
63.58632
5.478294
63.63217
3.756818
63.68797
2.380226
63.73324
0.8334522
63.77713
0
63.82208
0.3090104
63.86707
0.2661444
63.92594
0.132704
63.96985
0.08622923
64.01488
0.4817329
64.05589
0.5120549
64.10012
1.875341
64.16193
4.032598
64.20438
3.499223
64.24628
3.584629
64.29103
4.467211
64.33689
6.372276
64.38035
7.143502
64.43913
9.081622
64.48018
10.61649
64.52531
12.57846
64.57286
15.46262
64.61385
19.26332
64.65965
22.61657
64.71617
28.57177
64.76432
33.62511
64.80558
42.00984
64.8513
48.47647
64.89442
56.04544
64.95014
69.05969
64.99399
77.65714
65.04078
92.24836
65.08723
108.3352
65.14046
132.0073
65.18423
145.103
65.22821
158.7556
65.27531
175.1573
65.32081
154.114
65.36913
118.5821
65.41026
48.17533
65.46656
13.37512
65.51044
1.016063
65.55547
9.828713
65.60175
17.7066
65.65807
22.50492
65.69955
25.01223
65.74603
27.01236
65.79398
28.3075
65.83394
28.4034
65.87708
29.5825
65.92188
31.06572
65.97903
32.31828
66.02413
33.04682
66.06631
32.82611
66.11421
33.76907
66.17192
35.61988
66.21701
34.75293
66.25719
34.40777
66.30042
33.88144
66.3487
35.08162
66.39715
35.55861
66.44843
35.63172
66.49285
35.22462
66.53584
34.23639
66.57959
32.85603
66.63967
32.18721
66.69298
34.48136
66.73943
59.85926
66.78383
31.32148
66.82623
32.73746
66.88152
21.51375
66.9268
23.24951
66.97145
25.22224
67.01631
73.57399
67.0601
171.6283
67.10558
146.599
67.15176
85.75081
67.20972
75.09005
67.25316
21.1364
67.2984
19.14823
67.33944
35.1242
67.38454
71.71774
67.44296
115.0374
67.48869
103.5135
67.53305
99.44276
67.57439
109.3248
67.6208
104.9982
67.66516
106.678
67.72253
94.73862
67.77168
142.8502
67.81331
149.555
67.85345
120.2933
67.8989
138.7694
67.94736
0.7233464
67.98816
46.64197
68.04735
84.05936
68.09165
62.31749
68.13346
106.927
68.18031
113.7498
68.23344
114.8049
68.28204
119.9916
68.32613
117.1852
68.3689
118.6627
68.41277
121.7156
68.45994
121.0747
68.51321
123.8734
68.5563
124.915
68.60379
125.3324
68.65057
128.4947
68.69275
126.2174
68.75005
128.9623
68.79472
128.6505
68.84019
130.608
68.88488
131.2044
68.9276
130.4923
68.98734
130.961
69.02998
130.0171
69.07275
132.4368
69.11667
132.8344
69.16
131.315
69.20514
134.0612
69.26112
130.1634
69.30711
127.6069
69.3505
125.1605
69.39597
119.6451
69.4401
117.0981
69.49748
111.7769
69.54187
110.6865
69.5847
108.5433
69.63425
106.5715
69.68712
106.1146
69.73119
105.8677
69.77712
106.8068
69.81902
107.5348
69.86738
107.6624
69.91133
120.2964
69.96949
129.5344
70.01266
134.914
70.05437
134.8401
70.09973
134.0743
70.14368
134.1309
70.20172
133.7988
70.23595
134.5035
70.29086
133.6923
