0
166.0219
0.7819535
2.621818
0.8261548
2.38417
0.8823128
2.009934
0.9266831
1.418031
0.9631757
1.023547
1.019315
0.3374619
1.054546
0.05233916
1.099541
0.3483046
1.15845
0.6985759
1.199526
0.8247196
1.244227
0.9314623
1.288909
0.8688563
1.344806
0.8985283
1.389561
0.9242921
1.437885
0.8616194
1.478798
1.029836
1.523546
1.101096
1.579393
1.589424
1.624013
1.684931
1.668836
2.214788
1.713359
3.074535
1.762122
3.727096
1.813901
3.927751
1.858684
3.67557
1.903317
3.280024
1.947977
2.964449
2.00389
2.802817
2.037366
2.585356
2.093132
2.349687
2.137924
2.325405
2.182536
3.330842
2.227404
4.221321
2.283083
5.944584
2.327705
7.972674
2.372383
9.418743
2.417065
11.53362
2.461972
14.04725
2.506504
12.78538
2.566895
9.663001
2.607035
7.522118
2.651827
6.263972
2.696293
5.278006
2.752216
4.631089
2.796796
4.407489
2.841445
4.367446
2.886023
4.513276
2.941843
4.864055
2.986602
4.910275
3.031302
4.90065
3.075852
4.714678
3.120576
4.399884
3.1699
3.964868
3.210129
3.5609
3.254808
3.072305
3.310635
2.562542
3.355409
2.078296
3.400104
1.886059
3.444797
1.665069
3.489359
1.629068
3.546001
1.918569
3.589035
2.151314
3.642788
2.76704
3.687494
3.301738
3.73216
3.768215
3.784198
4.271685
3.821605
4.791542
3.877377
5.201231
3.92292
5.560774
3.956776
5.499289
4.002046
5.530488
4.058756
5.29979
4.103794
5.1316
4.148292
5.04671
4.193032
4.630877
4.248883
4.454786
4.293584
4.154306
4.338339
3.984281
4.387135
3.783617
4.427598
3.792715
4.472302
3.740573
4.52823
3.705758
4.572859
3.624986
4.617563
3.820595
4.662148
4.062691
4.718102
4.553157
4.762697
6.499928
4.807487
7.280012
4.852105
7.636791
4.896806
11.23056
4.952605
18.10115
4.990446
22.72812
5.041986
24.86099
5.086782
24.24659
5.13144
24.41499
5.176162
26.84013
5.220681
31.44941
5.276597
25.5898
5.321222
27.07394
5.365887
25.79453
5.410713
24.65462
5.466402
22.63164
5.511095
20.59204
5.555757
19.05745
5.600423
16.80435
5.645232
14.61814
5.689793
11.42815
5.734541
8.405203
5.794711
6.04695
5.835215
4.75757
5.879853
2.748443
5.924573
0.2007689
5.980278
1.430124
6.02493
0.4401304
6.069631
1.213859
6.114323
2.26529
6.170122
4.682032
6.214823
6.341586
6.259478
9.458581
6.304247
12.35875
6.349293
13.12597
6.398037
13.04392
6.438192
15.79963
6.493972
25.13933
6.538731
31.32162
6.583444
32.5108
6.628018
26.50741
6.683017
16.78133
6.727729
9.446749
6.772315
0.9028733
6.817026
3.635235
6.861718
7.386765
6.917514
13.69718
6.962256
17.15875
7.006901
19.65216
7.051624
17.32691
7.096228
15.06618
7.152302
12.85979
7.20004
12.68605
7.242139
10.35701
7.287049
7.91299
7.331814
8.745027
7.38764
12.84538
7.43232
14.87961
7.477032
16.42031
7.521741
16.46515
7.566347
20.24403
7.61095
14.44155
7.666994
9.054492
7.711533
6.781308
7.756238
5.054081
7.805148
8.100745
7.845617
9.813216
7.890401
11.83483
7.934959
14.79639
7.990961
18.22624
8.035537
21.4509
8.08017
26.54174
8.124933
29.78176
8.169605
29.06269
8.225498
25.3147
8.270113
22.0475
8.314727
20.78165
8.359403
17.79528
8.408346
16.66012
8.46002
10.58292
8.504615
7.192548
8.549433
4.911272
8.594002
1.003857
8.638731
0.901572
8.683376
2.484513
8.728012
5.504738
8.783851
6.507647
8.828606
7.140123
8.872904
5.50196
8.917456
4.323818
8.962729
6.414537
9.017848
8.909047
9.062593
5.977042
9.107257
4.21719
9.152087
15.08766
9.196644
22.14714
9.24161
26.00403
9.297368
30.26545
9.342163
34.01385
9.386839
30.18641
9.43175
20.918
9.487748
7.878783
9.521068
2.765412
9.57689
1.426287
9.621555
4.335941
9.666251
6.888061
9.722129
6.350916
9.76698
3.854731
9.815684
0.6549156
9.856173
2.736881
9.9009
9.55798
9.945517
18.65764
10.00137
29.85141
10.30326
52.6394
10.31421
52.97092
10.32546
53.26454
10.33659
53.39538
10.34774
53.40945
10.35901
53.50267
10.37005
53.56494
10.3815
53.78952
10.41918
55.70765
10.47081
57.60189
10.51518
56.35939
10.55985
55.19191
10.60466
49.39851
10.64935
38.65361
10.69396
34.36283
10.74974
28.22912
10.79455
25.71201
10.83914
22.72573
10.88412
22.29382
10.92853
18.77804
10.98438
14.40685
11.02893
13.48126
11.07387
10.59543
11.11848
8.868446
11.16304
5.883632
11.20777
2.944505
11.26358
0.9759852
11.3083
5.285388
11.35303
8.346262
11.39764
7.050795
11.45346
0.9215358
11.49821
1.700423
11.54288
2.876984
11.58756
3.39223
11.6321
2.233269
11.68805
5.372974
11.73274
13.00692
11.7774
17.187
11.82628
22.30265
11.86675
26.80249
11.91142
32.82679
11.96733
35.77647
12.01202
37.33871
12.05688
37.4288
12.10137
33.52623
12.15715
28.0777
12.20183
26.01246
12.24654
22.37431
12.2912
18.01467
12.3359
16.45131
12.3806
15.35559
12.43633
10.46697
12.48107
12.15171
12.52587
10.2862
12.5693
9.750482
12.61402
11.06738
12.65867
8.944877
12.71454
7.728957
12.75922
3.873633
12.80428
1.650905
12.8508
1.486353
12.90469
1.521228
12.94972
2.634257
12.99425
4.310708
13.04208
5.111286
13.09472
6.069117
13.13936
6.895517
13.18404
7.258446
13.22917
5.915628
13.28539
3.517639
13.33005
2.253596
13.37465
0.05934703
13.41937
2.260014
13.46414
4.431598
13.50877
6.13322
13.56452
9.103254
13.60926
12.84907
13.65418
9.734135
13.69857
6.732836
13.7438
7.36868
13.78807
5.573306
13.84798
0.2954137
13.88852
6.090785
13.93335
10.72681
13.97789
15.45683
14.02262
18.77561
14.06731
19.92819
14.11185
20.46819
14.16774
14.27588
14.21243
11.80559
14.25708
11.06637
14.30174
6.825933
14.3465
1.506622
14.39115
0.8602557
14.45121
5.075048
14.49167
12.77889
14.53687
11.66988
14.58101
11.81363
14.6369
18.19774
14.6815
28.88799
14.72622
34.46787
14.77092
31.78119
14.82677
23.14951
14.86026
19.17013
14.91613
10.76154
14.96077
1.02622
15.00546
3.252331
15.0534
10.54352
15.10528
16.43494
15.1495
17.97131
15.19415
17.29357
15.23886
19.23487
15.28352
20.84489
15.33945
19.34007
15.38403
20.3509
15.42874
19.74285
15.47344
19.98957
15.51853
18.1886
15.56371
15.98387
15.61983
10.829
15.66444
5.682479
15.70934
1.196158
15.75391
5.10419
15.79863
14.35669
15.84321
22.50003
15.89917
29.68789
15.94374
31.16247
15.98839
24.41002
16.03314
18.01197
16.07789
10.74241
16.12277
4.574959
16.17843
3.189114
16.22307
0.1467098
16.2676
3.126499
16.31238
3.647172
16.36819
5.764494
16.41288
4.376585
16.46219
5.801708
16.50229
4.465106
16.54699
4.711269
16.6028
7.17917
16.64747
7.023756
16.69213
7.135314
16.73676
7.356341
16.79265
6.00074
16.83732
5.326234
16.88205
3.943474
16.92674
2.721389
16.97186
1.161127
17.01613
0.7684676
17.06541
1.443065
17.11662
1.359411
17.16129
0.6240098
17.20608
0.416371
17.25061
2.32734
17.2954
4.540492
17.35182
8.458304
17.39593
13.031
17.45167
17.26168
17.48521
19.23551
17.52991
20.955
17.57453
25.70463
17.61921
30.68052
17.67497
30.33019
17.71973
27.41897
17.76448
19.04876
17.80908
10.29795
17.86915
14.77901
17.9097
17.93248
17.95434
18.01734
17.99912
17.09153
18.04378
16.48615
18.09958
21.21939
18.1442
23.48162
18.18886
21.6166
18.23359
19.8756
18.27817
17.86737
18.33412
14.73678
18.37877
10.91068
18.42349
7.8809
18.46674
4.277
18.52253
1.885748
18.56718
0.2697954
18.61189
1.569725
18.65665
1.500896
18.70126
1.547249
18.75711
0.07912937
18.80187
4.10007
18.84703
2.176188
18.89205
1.835684
18.9369
3.347728
18.99267
6.602361
19.03736
7.671738
19.08492
6.107788
19.12673
3.30073
19.18265
1.635183
19.22761
0.03426402
19.27239
3.071604
19.31707
0.5399548
19.36185
2.735951
19.41754
0.7327532
19.46227
1.443336
19.50688
0.03956468
19.55163
1.354364
19.59624
2.388353
19.65213
2.966825
19.69672
1.726464
19.74148
0.3386196
19.78614
0.4635163
19.85317
7.458799
19.89783
5.154459
19.94258
6.719365
19.98723
7.658603
20.03193
1.170694
20.09191
2.554509
20.1325
0.7540734
20.1771
3.210223
20.22179
6.327131
20.26646
11.9739
20.31112
10.2628
20.36698
11.24968
20.41173
10.35896
20.45632
13.20497
20.50105
11.54224
20.55688
6.739008
20.60157
6.488243
20.64622
7.317538
20.69526
9.141682
20.74678
5.879633
20.79151
5.967918
20.83624
4.937331
20.88081
3.769203
20.92552
4.143781
20.97029
2.274431
21.01483
2.842485
21.0707
0.2332305
21.11546
3.146845
21.15981
1.14603
21.20487
2.609996
21.26034
0.5078341
21.30497
0.8930672
21.34968
0.02797646
21.39435
0.8341562
21.43906
2.047079
21.48384
3.158953
21.52871
3.232466
21.58455
1.630509
21.62924
1.450234
21.67397
1.672106
21.71862
2.040951
21.77449
3.12487
21.80788
3.984772
21.86384
4.39396
21.90853
6.23401
21.95314
8.201475
21.99783
9.462092
22.05363
11.00781
22.10258
11.15346
22.14346
11.01689
22.18784
10.5789
22.23237
9.749291
22.28823
8.998223
22.3329
8.75302
22.37761
8.239476
22.42223
7.968118
22.46698
7.927983
22.52286
7.564211
22.56757
7.715079
22.61218
7.669128
22.65681
7.628795
22.70565
7.877337
22.75734
7.899608
22.802
8.08284
22.84686
8.278252
22.89145
8.556828
22.9541
9.02576
22.99904
9.535845
23.04357
9.401699
23.0883
9.388393
23.12497
9.726598
23.17759
10.18843
23.23348
12.63958
23.27815
15.00056
23.32632
18.02923
23.36885
23.09487
23.41444
29.37995
23.46005
33.24514
23.50532
35.17366
23.54999
37.71399
23.59477
37.1916
23.63937
35.95175
23.69537
34.43557
23.74028
34.60389
23.78539
31.69351
23.82963
25.29422
23.8743
20.78552
23.93016
18.79963
23.97492
18.06589
24.01962
15.32283
24.06419
13.33393
24.10906
9.596262
24.16502
8.627485
24.2094
6.612274
24.25417
2.653284
24.29874
0.5951191
24.34349
0.57743
24.39948
1.54649
24.44397
3.636958
24.48877
6.313388
24.53328
8.013811
24.57694
8.615981
24.62162
7.036146
24.6663
4.839384
24.72228
11.15959
24.76694
13.29256
24.81157
13.90058
24.85619
14.7859
24.91214
15.90076
24.95731
15.92318
25.00242
18.31434
25.04727
25.95817
25.09186
26.31713
25.14764
22.9808
25.19246
22.26296
25.23702
20.16852
25.28169
18.85908
25.32641
17.24738
25.37109
16.24581
25.42693
14.16937
25.47167
11.71669
25.51626
3.520643
25.56106
2.940514
25.61684
0.23239
25.66155
4.311707
25.70619
4.828157
25.75078
4.593504
25.79552
4.27732
25.85135
1.954246
25.89602
1.346393
25.94493
2.290466
25.98541
3.385759
26.03012
3.906103
26.08594
4.286605
26.13067
6.883959
26.17541
11.22114
26.21999
10.95251
26.26467
12.35848
26.32053
15.09698
26.36528
15.42034
26.40988
14.97331
26.46577
13.63352
26.51047
12.5108
26.5551
9.847362
26.59984
7.678949
26.64448
5.444601
26.70027
2.264513
26.74908
0.2586879
26.78965
2.799812
26.83434
4.680944
26.87918
7.160975
26.92215
8.159498
26.9669
7.631701
27.01171
7.525222
27.05628
6.716299
27.11208
2.997546
27.15675
0.5532007
27.21267
0.1065312
27.24611
1.03967
27.29102
3.522534
27.35038
3.541658
27.39263
3.325607
27.43752
2.184357
27.48222
2.793232
27.53812
1.571843
27.58271
0.8453411
27.62746
0.1398823
27.67206
5.274552
27.71678
4.702238
27.76134
6.038418
27.81728
6.150329
27.86212
6.875035
27.90712
7.068495
27.95564
7.294846
27.99616
8.186955
28.05189
9.564662
28.09661
11.79311
28.14121
14.77455
28.18585
16.5504
28.23069
17.99194
28.28648
18.22192
28.3311
18.87696
28.37578
18.11663
28.42043
17.93701
28.46521
16.40816
28.50982
14.00507
28.56559
8.513084
28.61039
4.83197
28.65499
2.321699
28.69967
9.219766
28.75967
12.60298
28.80024
17.11732
28.8449
19.0695
28.8897
19.17612
28.94559
18.92334
28.99012
17.29023
29.03487
16.18493
29.07946
15.63953
29.12429
16.59049
29.16882
14.97247
29.22468
13.31342
29.26934
10.4091
29.31402
6.045265
29.3629
1.47724
29.40337
3.569741
29.44818
7.489647
29.50394
12.63738
29.54861
14.28479
29.59333
14.40571
29.63797
15.17067
29.6939
15.30617
29.73848
14.12145
29.78318
14.5018
29.82821
14.12202
29.8725
13.28363
29.91718
13.59394
29.97301
15.65177
30.01777
13.57921
30.06242
11.45724
30.1071
11.62146
30.15189
10.69936
30.19659
9.048697
30.2524
5.677062
30.29695
5.100887
30.3418
3.023362
30.38639
1.517493
30.44226
0.9964222
30.48687
2.033362
30.53154
3.086418
30.57538
3.231012
30.62006
3.038669
30.66432
3.075935
30.72022
2.599023
30.76881
2.795404
30.80954
2.351852
30.85414
3.615088
30.91004
6.486732
30.95485
5.134883
30.99964
4.109945
31.04431
6.483346
31.08901
8.120546
31.13413
9.962473
31.19003
8.441479
31.23509
8.353176
31.27999
7.695136
31.32458
6.554367
31.37273
5.078483
31.42513
0.7974581
31.46977
0.4059006
31.51453
0.4111691
31.55918
0.8575217
31.60387
0.04423466
31.64849
0.5374122
31.70483
1.205285
31.74907
1.222373
31.79376
1.914075
31.83838
3.150886
31.88308
2.029122
31.92776
3.599674
31.98358
3.952155
32.02847
1.470735
32.07304
0.20842
32.11771
1.650194
32.16233
2.68919
32.21817
0.861165
32.26297
1.190912
32.30758
1.230352
32.3522
0.2790645
32.39692
0.8091505
32.44161
3.543924
32.49744
7.113478
32.54213
8.734239
32.58671
11.2719
32.6538
16.12158
32.69858
15.85042
32.74317
14.50886
32.78784
17.24925
32.83255
16.37998
32.88837
13.16819
32.93211
13.70984
32.98091
14.10593
33.02138
13.4891
33.06609
14.18221
33.12175
10.85116
33.16658
8.578949
33.21119
7.512381
33.25574
4.36067
33.30094
1.726351
33.3452
0.3743001
33.401
2.234233
33.44577
2.640787
33.49061
2.543452
33.53568
2.929108
33.58371
2.729576
33.637
1.846526
33.68144
0.7917944
33.7263
0.2880355
33.7709
1.336766
33.82665
2.549601
33.86034
2.885951
33.91601
2.787831
33.96068
2.281219
34.00539
1.490691
34.05014
0.4410186
34.10599
1.829062
34.15054
5.257436
34.19521
7.992373
34.23997
8.286739
34.28459
5.728955
34.32927
5.805052
34.38935
4.76078
34.42978
4.629016
34.47448
5.229558
34.51916
4.571961
34.56389
6.217824
34.61973
6.910009
34.66474
7.743671
34.70937
8.208965
34.75401
6.493983
34.80969
5.024728
34.85426
1.319083
34.8992
1.846314
34.94381
3.517806
34.99271
5.329729
35.03299
7.043028
35.08885
9.246286
35.1335
9.629025
35.17837
10.481
35.22289
10.70662
35.26751
11.62825
35.31224
12.27233
35.36808
13.98507
35.41278
16.35143
35.46896
18.00708
35.50208
17.56502
35.54679
15.71154
35.60262
14.43118
35.64733
13.0729
35.69197
11.27173
35.73662
8.705789
35.78143
7.611256
35.83727
5.432278
35.88201
3.915017
35.92659
2.356923
35.97136
1.115047
36.01659
0.09691329
36.07197
1.341297
36.11646
1.895272
36.16114
1.823811
36.20585
0.7540734
36.2505
0.6602717
36.29529
0.583833
36.33985
3.198186
36.40009
4.872103
36.44048
1.774868
36.48515
0.9026566
36.52976
1.733478
36.58474
2.772129
36.62939
2.439195
36.67414
2.366288
36.71875
1.82842
36.76351
0.6094146
36.80808
0.5482264
36.86405
1.912336
36.90857
2.328433
36.95322
1.708575
37.00076
3.413862
37.05373
2.269002
37.09846
0.7850935
37.14307
2.934182
37.18798
5.374469
37.23296
8.111208
37.27806
12.42383
37.334
14.90117
37.37895
18.07999
37.42343
19.9786
37.46802
20.39591
37.51274
21.41445
37.56858
20.21776
37.61328
19.96604
37.65804
18.45068
37.70296
14.4173
37.74725
11.4822
37.80729
7.718717
37.84781
3.35503
37.89245
0.98437
37.93717
1.983371
37.98185
4.028614
38.0377
5.127246
38.08263
6.781742
38.12714
5.159284
38.17182
4.027933
38.21636
2.87099
38.27227
1.260209
38.31693
0.4238235
38.36165
1.930872
38.4107
2.613893
38.45094
3.71768
38.49566
4.040796
38.55164
3.369006
38.59618
2.466645
38.64096
1.127438
38.68552
2.983997
38.7302
5.243777
38.77494
2.078484
38.83076
3.710616
38.87546
5.430835
38.91941
4.80909
38.964
4.986567
39.01266
3.846595
39.05339
6.279478
39.10928
5.816318
39.15393
6.006487
39.19824
9.301934
39.2429
13.05351
39.28756
15.61481
39.33228
16.06754
39.37693
16.08736
39.4328
15.82524
39.47762
16.59499
39.52272
18.57947
39.56792
17.69129
39.62379
17.53294
39.66852
17.29423
39.71315
18.18955
39.7578
17.96388
39.80251
17.40343
39.85832
17.32263
39.90311
11.9073
39.94772
11.86257
39.99237
8.710863
40.03711
3.607009
40.09298
1.149269
40.1376
1.0945
40.18237
1.503241
40.22696
1.619792
40.27164
1.233053
40.3163
1.068262
40.36109
0.2733977
40.42075
0.8572935
40.46151
1.904748
40.50623
2.300016
40.55089
3.213941
40.59573
3.716837
40.65141
3.677221
40.68501
4.034831
40.74076
3.191016
40.78545
2.346269
40.83047
1.99704
40.88598
1.441572
40.93066
0.5726661
40.97538
0.7173703
41.02433
0.2525642
41.0648
0.1866263
41.12056
1.202847
41.16522
0.2238118
41.20989
1.119076
41.25487
5.721561
41.29936
3.490315
41.35515
3.014933
41.39987
4.556598
41.44456
3.554075
41.48922
3.599456
41.53421
1.969508
41.58978
2.815777
41.63432
0.1532334
41.67908
3.132629
41.72372
1.487406
41.76842
2.163108
41.81306
2.359413
41.86892
1.437766
41.91359
2.193567
41.95836
4.458302
42.00295
4.742435
42.04765
0.9084908
42.1035
2.032784
42.14819
0.7740492
42.19285
0.9076288
42.23757
3.226525
42.28235
5.261757
42.33806
2.923823
42.38279
2.183371
42.43157
4.372108
42.47214
1.883256
42.51689
0.6110179
42.57203
0.7750598
42.63254
1.57818
42.66136
1.316261
42.7061
0.6243232
42.751
0.7613045
42.79552
0.3986039
42.85123
0.08392937
42.896
0.2148914
42.94067
0.5831623
42.98552
0.4981082
43.05267
1.047732
43.08621
1.290437
43.13113
1.419411
43.17587
1.57607
43.22054
1.129692
43.26519
0.4396856
43.32101
1.330457
43.36567
2.422124
43.41036
5.232293
43.455
8.454636
43.49973
10.33243
43.55567
14.87371
43.60027
13.97188
43.64882
10.62038
43.6899
2.707471
43.73429
6.427668
43.79075
13.65425
43.83485
16.70241
43.8795
15.31938
43.92425
10.41801
43.96886
1.701804
44.02474
5.854844
44.06951
11.8189
44.11412
16.55172
44.15878
18.59665
44.20357
20.74137
44.25924
21.85646
44.30401
22.2532
44.34875
21.62318
44.3933
20.55164
44.43803
21.61685
44.4828
22.8151
44.5274
23.46908
44.58329
25.10289
44.62787
26.8179
44.67309
25.88639
44.71737
25.09636
44.77309
23.54827
44.81776
21.56861
44.86242
18.4199
44.90715
17.20618
44.95061
16.0869
45.0065
12.45585
45.05126
11.70755
45.09589
9.117424
45.14093
4.532893
45.18507
4.598277
45.2409
4.19946
45.28557
4.075157
45.33026
4.215611
45.37491
3.273272
45.41973
2.786918
45.47554
0.998776
45.52078
0.03426402
45.56599
0.8985283
45.61082
1.525468
45.65551
2.183102
45.70022
1.204798
45.75604
2.333304
45.80072
5.346211
45.84541
2.794283
45.90126
10.6778
45.9459
9.031461
45.97959
6.853805
46.03531
8.668753
46.07997
9.390466
46.12461
12.03994
46.16932
8.239094
46.22515
5.376839
46.2746
0.4414621
46.31454
2.701319
46.3592
4.073138
46.40392
0.5619739
46.45977
0.4311472
46.50446
3.185429
46.54915
0.8753631
46.5938
2.021004
46.63856
4.418718
46.68309
3.51179
46.7278
3.884134
46.78379
2.87984
46.82841
3.39765
46.87714
2.854373
46.91769
1.630629
46.97353
1.247724
47.01822
1.533401
47.06291
1.738325
47.1076
4.897571
47.15226
6.482196
47.19695
10.27533
47.25282
12.61698
47.29745
10.50028
47.34215
9.455629
47.3868
7.678131
47.44276
8.150277
47.48732
5.840028
47.53208
2.841658
47.57671
4.316565
47.62161
4.745119
47.68159
4.17542
47.722
5.26064
47.76667
5.339279
47.81128
5.821404
47.85602
7.063637
47.90076
6.968944
47.94536
6.982357
48.00117
6.439342
48.04586
6.764338
48.09052
7.070854
48.14638
8.963658
48.17998
8.447246
48.23573
4.022241
48.28484
6.37086
48.32513
5.83069
48.36978
5.542382
48.4256
4.467518
48.47034
4.929468
48.51503
5.655305
48.55894
4.418762
48.60359
6.483436
48.64817
7.617364
48.69275
8.6362
48.74866
10.45843
48.7933
11.20333
48.83802
11.57922
48.88658
11.43702
48.92735
8.452777
48.98322
7.818863
49.02832
5.955687
49.073
6.337998
49.11816
1.887097
49.16291
2.888528
49.20754
1.429713
49.26343
0.6318005
49.30814
0.6296288
49.35274
3.598314
49.39737
2.053094
49.44222
2.655939
49.49793
3.030863
49.54256
0.4837596
49.58738
1.911518
49.63202
2.358583
49.67665
1.267949
49.73248
1.797983
49.77719
0.8791551
49.82183
3.79447
49.86664
3.317473
49.92295
3.487621
49.96704
2.697983
50.01191
2.850599
50.05645
5.418806
50.10107
6.031045
50.14577
3.696446
50.20176
2.385565
50.24638
0.8144533
50.29522
0.5004597
50.33569
0.2046302
50.38032
1.140038
50.42504
1.156906
50.4697
1.683653
50.5256
0.5671728
50.57081
1.501287
50.61498
0.4135417
50.65959
1.46273
50.71557
1.24112
50.7601
1.251483
50.80481
0.9571576
50.84945
0.6410245
50.89851
1.713722
50.94901
1.778283
50.99387
1.364153
51.03833
1.913666
51.08311
3.177984
51.1274
3.543095
51.17216
3.898325
51.228
4.607597
51.27261
4.93213
51.31731
5.704717
51.36198
5.913142
51.40666
6.676175
51.45139
7.089694
51.50766
6.654815
51.55287
6.349434
51.59783
5.676129
51.64259
5.053771
51.68724
4.083558
51.74312
3.25546
51.78775
2.217615
51.83245
1.043427
51.87712
1.06091
51.92177
0.6789736
51.97768
0.8991814
52.02237
0.02797646
52.06697
0.7925354
52.11161
2.016642
52.15631
4.762179
52.2011
6.95948
52.25689
11.61084
52.30588
17.03539
52.34627
24.74151
52.39087
30.06994
52.43559
31.87955
52.49144
35.65175
52.53612
35.91046
52.58077
33.80999
52.62548
30.85923
52.67013
27.29704
52.72604
21.16159
52.77066
13.8909
52.81576
4.728991
52.86001
1.819191
52.91583
0.4532716
52.96062
0.3789758
53.00526
0.8932863
53.04999
2.671737
53.0946
5.70561
53.13929
9.827973
53.18404
13.53246
53.23992
13.9865
53.28449
20.54891
53.32933
22.9593
53.37383
22.25432
53.41857
22.77444
53.47437
19.16062
53.51905
16.04756
53.56378
12.8519
53.6084
7.308362
53.65329
5.583249
53.7133
1.049598
53.75365
5.388343
53.79831
8.055981
53.84305
9.790931
53.88765
9.846183
53.93234
10.0516
53.98825
9.567683
54.03315
10.24354
54.07754
10.48425
54.12223
12.3922
54.17809
17.43323
54.22274
19.44412
54.26742
23.99146
54.31651
25.17584
54.3571
25.82928
54.41271
22.7998
54.45584
20.29045
54.50071
17.04555
54.54521
14.25411
54.58995
16.53656
54.64574
11.74508
54.69038
9.991016
54.73536
10.21887
54.77968
14.03604
54.82441
17.00553
54.86917
18.51298
54.91378
21.70425
54.95855
24.77078
55.01479
28.2654
55.05985
26.80427
55.10451
25.247
55.14917
25.98331
55.20522
24.63137
55.2502
20.62621
55.29508
17.25745
55.33972
15.27331
55.38444
11.7852
55.44035
10.06599
55.48506
9.381419
55.53392
6.651838
55.57467
7.818085
55.61904
8.781296
55.67488
10.24945
55.71959
13.56905
55.76421
16.49617
55.82008
18.93914
55.85356
20.23228
55.90947
21.09962
55.95415
20.09394
55.99882
19.56795
56.04345
17.3762
56.08813
10.15813
56.14399
6.195839
56.18867
3.333604
56.24456
0
56.28918
1.338083
56.34503
0.8268523
56.38971
5.322775
56.43494
3.913065
56.4791
3.165701
56.52378
5.573482
56.57964
7.200181
56.62445
6.314972
56.66911
6.584158
56.71363
7.053743
56.75836
6.45467
56.80289
3.4357
56.85875
3.047418
56.90352
1.922339
56.94712
0.3220336
57.00298
2.327929
57.0477
1.767686
57.09248
3.690827
57.14099
4.788843
57.18172
8.020788
57.22636
9.569449
57.28241
8.321003
57.32708
8.326853
57.37184
9.701662
57.41641
10.99052
57.47261
12.02952
57.51788
14.11222
57.56234
11.83381
57.6073
9.902005
57.65199
12.3827
57.70787
12.54623
57.75243
9.635577
57.79711
7.958948
57.84179
7.387987
57.88647
7.629155
57.94654
8.546494
57.98703
8.176589
58.03179
10.78399
58.07642
18.57858
58.12108
29.72426
58.17713
38.67088
58.22159
38.34045
58.26627
43.28576
58.31102
41.63163
58.3556
29.20005
58.4003
17.61227
58.45612
2.467041
58.50087
2.893403
58.5497
9.4087
58.5902
11.35831
58.64599
8.067402
58.6907
8.117596
58.7354
7.387189
58.78013
9.170248
58.82487
7.913015
58.86949
7.570901
58.91417
6.96945
58.97002
6.131334
59.01463
7.877063
59.05931
7.953372
59.10407
12.1612
59.15357
12.76472
59.19201
6.828777
59.24797
6.415699
59.29268
10.45032
59.33731
10.2159
59.38199
10.84891
59.43794
17.10935
59.48255
20.01262
59.52711
23.27694
59.5721
24.79818
59.61698
29.52748
59.66169
33.71603
59.71747
36.82394
59.765
41.10772
59.80685
46.08635
59.85172
50.12091
59.89673
51.86311
59.94175
49.50474
59.9976
49.68744
60.0425
49.60283
60.08693
48.39442
60.13162
47.5901
60.17626
44.6666
60.23213
43.15718
60.2769
41.11519
60.32153
40.62434
60.37042
40.49116
60.41087
39.36435
60.45554
38.34833
60.51138
38.01925
60.55613
37.94144
60.60078
39.37111
60.64542
40.85655
60.69022
39.86592
60.74595
38.6664
60.77942
37.48674
60.83534
34.86312
60.88002
32.83443
60.92488
29.02198
60.97362
30.59411
61.0252
33.02813
61.06992
31.45519
61.11459
33.26357
61.15931
33.8862
61.20393
35.5214
61.2599
36.17054
61.30486
37.74946
61.34924
39.99999
61.39381
42.61022
61.43846
44.32695
61.49442
44.94984
61.53902
44.40634
61.5837
41.13953
61.62852
38.68277
61.67324
37.69502
61.71772
37.50926
61.77777
34.30581
61.81831
33.17222
61.86306
32.64371
61.90764
30.50356
61.95232
28.65956
62.00819
26.46064
62.05283
25.23185
62.09765
21.6658
62.14219
18.41487
62.18682
16.61539
62.24303
15.91256
62.28748
14.85509
62.33211
13.11887
62.38157
13.78901
62.42145
11.67038
62.46616
11.59072
62.52201
12.89365
62.56681
13.57191
62.61134
13.93901
62.65603
14.01383
62.70102
14.63256
62.75654
14.905
62.8012
14.75057
62.84591
14.91752
62.89058
15.2179
62.95362
14.88536
63.00045
14.30264
63.04286
13.59099
63.08769
13.34898
63.13148
14.57806
63.19494
17.44632
63.22088
19.18487
63.27713
23.97091
63.32134
29.17053
63.36696
33.57988
63.40131
36.56221
63.4699
39.0351
63.50393
42.47954
63.54866
51.78468
63.59707
74.90874
63.63887
116.5086
63.69485
154.4287
63.7396
167.8879
63.78431
177.3382
63.829
174.3477
63.87358
166.6737
63.92941
158.1123
63.97404
151.9873
64.01884
145.2561
64.06375
141.1649
64.10809
138.5701
64.16399
137.0927
64.20858
136.9911
64.25336
138.3033
64.29809
138.3443
64.34284
134.84
64.38734
131.478
64.44318
124.3177
64.48793
115.7744
64.53271
104.2461
64.57719
96.1822
64.62211
94.59188
64.66653
99.78696
64.7224
109.1533
64.76714
114.9226
64.81174
118.0411
64.85644
117.2653
64.9012
112.8598
64.957
107.8086
65.00642
110.5258
65.04637
118.9956
65.09113
124.8429
65.14686
130.2815
65.19156
138.4763
65.23637
142.9225
65.2809
142.5691
65.32508
126.1275
65.37
97.34885
65.41444
28.50867
65.47064
4.583301
65.51494
15.15281
65.55997
21.63698
65.60724
24.96888
65.66032
24.07526
65.70528
23.187
65.74995
21.61696
65.79456
19.01041
65.83921
16.09539
65.8841
16.05923
65.92878
17.39967
65.98459
19.21879
66.0293
23.35185
66.07404
33.71191
66.11882
51.58327
66.17472
76.90544
66.22118
98.40118
66.26405
113.1018
66.30853
124.7119
66.35326
134.5478
66.39788
142.9557
66.45374
156.3204
66.49843
164.7844
66.54319
169.4039
66.58778
171.3066
66.64371
174.0675
66.69962
179.666
66.74415
150.3652
66.7889
174.8181
66.83369
175.4265
66.8895
151.1291
66.93404
128.9818
66.97871
112.9403
67.02341
148.991
67.06808
120.1886
67.11285
152.0011
67.15746
142.5897
67.21763
128.5233
67.25797
34.55864
67.30266
46.88858
67.34734
41.50609
67.39203
19.31777
67.44791
34.69536
67.49257
33.12897
67.5372
34.83495
67.58202
47.70217
67.62661
45.05582
67.67133
47.21156
67.72716
35.47041
67.77177
158.1745
67.82108
152.1459
67.86124
178.4684
67.90582
163.0575
67.9505
58.43668
67.99542
103.6561
68.05117
140.2955
68.09572
117.6266
68.14046
160.5809
68.18508
166.6031
68.24093
167.4518
68.28588
173.5573
68.33028
172.8328
68.37501
177.8207
68.42404
175.1165
68.46432
169.4065
68.52021
145.5708
68.56501
125.8985
68.60965
113.1006
68.65422
103.9692
68.69894
105.647
68.75475
104.8855
68.79946
106.3209
68.8428
103.6245
68.88748
101.361
68.93216
99.55563
68.98815
96.53643
69.03677
96.2114
69.07747
93.21399
69.12206
92.96906
69.16695
95.36362
69.21162
93.9379
69.26746
99.15343
69.31219
102.4366
69.35682
105.4324
69.4015
111.5478
69.44621
115.036
69.50247
122.0392
69.54757
125.1061
69.59249
129.6923
69.64034
133.8424
69.69304
136.2195
69.73769
137.3165
69.78236
137.3271
69.82716
138.0443
69.87173
139.3923
69.91638
128.5836
69.97224
122.5757
70.01691
119.4103
70.06161
120.6642
70.10675
121.2435
70.15098
120.1209
70.20683
118.8252
70.2446
117.1165
70.29623
115.5111
