0
166.0219
0.7684174
36.95956
0.8131356
33.16841
0.8690783
28.78477
0.9155805
25.20031
0.9596063
22.26249
1.00441
18.82672
1.047739
15.51001
1.091684
12.30592
1.149671
9.552631
1.193151
8.538792
1.236609
7.892051
1.281784
7.605968
1.338615
7.177448
1.383492
7.008911
1.441106
7.026046
1.474234
6.942887
1.520269
7.086649
1.575085
6.927926
1.617091
7.043558
1.66188
6.941333
1.710369
6.905324
1.754191
6.73668
1.806146
6.669974
1.855407
6.803339
1.899454
6.791885
1.943577
6.794022
1.995598
6.861985
2.03428
7.020012
2.088038
6.966297
2.1346
7.21643
2.176662
7.086068
2.221837
6.982946
2.276406
6.99294
2.324707
6.204345
2.367618
5.703789
2.413041
5.546199
2.455879
5.357159
2.503029
4.224475
2.55817
1.727031
2.60396
0.667053
2.647344
0.4432315
2.689523
0.5581307
2.743681
1.55859
2.789799
2.231954
2.837177
2.941978
2.88269
3.301678
2.935518
3.297228
2.983274
3.249681
3.02624
2.855813
3.068393
2.468469
3.115657
2.049373
3.158134
1.819299
3.203027
1.427247
3.250394
1.112059
3.306463
1.220611
3.347256
1.367878
3.395899
1.554567
3.43713
1.572963
3.48291
1.300707
3.539155
0.8108415
3.588868
0.3322025
3.630603
0.09691329
3.672646
0.1897456
3.71586
0.1735894
3.760404
0.1631294
3.809909
0.2430897
3.864681
0.3357179
3.908915
0.4722982
3.954764
0.762332
3.996329
1.132287
4.052197
1.487406
4.095404
1.838347
4.143281
2.228619
4.186032
2.230024
4.245498
2.356508
4.287219
2.319759
4.33396
2.263302
4.377183
2.10301
4.422632
2.176458
4.466199
1.999293
4.524032
1.892172
4.566966
1.673978
4.613884
1.776521
4.658923
1.934619
4.716078
2.179603
4.759024
3.296991
4.801628
2.196242
4.849547
0.9466738
4.89242
1.186797
4.949697
0.7684676
4.978514
2.763996
5.036311
1.016256
5.078671
2.569179
5.126717
5.217029
5.169824
3.988014
5.215208
0.5997046
5.269558
4.039924
5.313897
2.82057
5.362401
3.856255
5.408325
3.156659
5.458468
1.298147
5.506661
1.531229
5.549018
0.8835954
5.597796
0.2229358
5.64102
0.6049027
5.686368
0.4541341
5.727633
0.4933717
5.78311
1.371307
5.830773
1.730314
5.876363
1.600711
5.920404
0.6293179
5.974522
0.6145305
6.020797
0.3380413
6.063412
1.453065
6.108089
2.24925
6.163594
3.432507
6.213644
5.356977
6.252356
7.464112
6.299674
8.383962
6.344638
7.955914
6.389585
7.789614
6.432216
9.060068
6.486707
9.691768
6.531013
9.911176
6.574888
8.833934
6.623403
7.920676
6.676178
7.302051
6.722345
6.705136
6.765808
4.002816
6.810029
2.987013
6.855751
3.01701
6.91039
2.212136
6.954871
3.185306
7.005141
4.985034
7.046267
8.559789
7.089676
10.96776
7.149924
12.26773
7.193324
11.35688
7.234494
11.57583
7.283523
11.34505
7.328087
7.951545
7.38239
1.803742
7.427482
0.1619255
7.470507
0.9035233
7.513847
0.6106976
7.562024
3.902391
7.605519
7.918842
7.658696
13.38617
7.707063
13.01716
7.751574
11.0901
7.792965
13.22641
7.841451
12.99634
7.88271
13.0255
7.927805
13.77591
7.984841
15.72274
8.031038
16.19696
8.071622
19.84663
8.119966
21.85406
8.163848
21.37097
8.221959
19.072
8.264452
15.53207
8.310805
15.55988
8.358389
14.19944
8.39935
15.20348
8.456184
12.25237
8.502131
10.10941
8.544341
10.14658
8.591145
8.221775
8.636903
7.732765
8.677849
8.335292
8.721043
7.094701
8.775333
7.132784
8.825632
6.410317
8.868678
9.787274
8.914656
12.44927
8.955941
11.87523
9.013221
11.42687
9.057008
13.02388
9.102205
14.14254
9.147713
15.26966
9.194311
15.22975
9.233815
14.86706
9.294187
14.79687
9.334548
15.99667
9.382404
11.3585
9.428027
5.382776
9.480714
0.2762456
9.515194
4.276175
9.573208
3.959975
9.617915
6.784633
9.66395
9.556993
9.716798
9.787797
9.763042
7.77698
9.803435
4.933798
9.854115
3.669278
9.894619
4.989748
9.942326
5.288502
9.996518
4.78737
10.30013
4.415037
10.31184
0.3045456
10.32313
0.3386196
10.33486
0.4949555
10.34619
0.2987072
10.3519
0.1519511
10.36288
0.1297215
10.37414
0.2398483
10.40742
1.058324
10.46678
2.451761
10.50854
2.018582
10.55657
5.904783
10.60047
6.787899
10.64351
3.138435
10.68975
4.540061
10.74327
4.090171
10.78755
3.843743
10.83601
2.867306
10.88317
3.320894
10.92246
0.6892704
10.97624
2.552747
11.02423
2.094898
11.06614
4.118703
11.11579
4.311662
11.1576
5.918179
11.20381
6.943057
11.25993
8.609139
11.30105
10.77013
11.35011
13.04492
11.39384
13.08002
11.4472
8.740713
11.49704
8.961093
11.53907
11.95413
11.57942
13.32759
11.62554
13.16596
11.68564
18.38438
11.72848
23.79253
11.77336
26.88655
11.81893
31.62591
11.86346
35.89025
11.90585
41.65351
11.96102
45.49107
12.00516
46.87857
12.0536
48.74716
12.0985
47.19334
12.15029
45.76725
12.19458
45.5569
12.24212
44.85685
12.28595
43.41686
12.33012
44.13953
12.37726
45.06266
12.42866
43.32879
12.4764
45.9631
12.51922
45.2909
12.56595
45.28569
12.61116
47.55873
12.65712
47.09249
12.71145
47.83394
12.75674
44.78512
12.79971
43.16205
12.84206
43.5771
12.90255
40.75133
12.94281
39.68197
12.98788
38.14181
13.03206
37.58609
13.09214
36.95224
13.13402
36.30901
13.1766
35.54643
13.22591
35.758
13.28016
36.13125
13.32652
35.63683
13.37028
35.92784
13.41318
35.8274
13.45622
35.68427
13.50572
35.20215
13.55713
36.51978
13.60541
39.38639
13.6488
35.89408
13.69408
32.71258
13.73648
34.11959
13.78383
33.79204
13.83687
31.86933
13.88477
28.27038
13.93091
27.32782
13.97405
26.0992
14.01794
24.9925
14.06233
24.01873
14.10827
22.25722
14.16201
25.98233
14.20887
24.6662
14.25473
21.13801
14.29653
20.89825
14.34286
20.9882
14.38921
19.52875
14.44324
21.11211
14.48851
27.58405
14.5316
26.49223
14.57693
27.44899
14.6288
29.72883
14.67671
31.22556
14.72229
32.70586
14.76481
34.61717
14.82201
35.69923
14.85528
38.81814
14.90969
39.30164
14.95675
34.86257
15.00078
35.49195
15.04486
33.53269
15.09848
33.0717
15.14556
32.31817
15.19062
33.53836
15.23462
30.56287
15.27699
28.42227
15.33681
29.57588
15.37726
27.89926
15.42765
28.17304
15.46727
27.45415
15.51568
27.65768
15.55615
26.90776
15.61372
26.74846
15.66007
27.30675
15.70604
28.03845
15.75187
27.83505
15.79503
26.26464
15.83835
25.49708
15.89583
26.01758
15.94782
27.64765
15.98205
26.41853
16.02951
26.38678
16.07507
23.94033
16.11971
21.5565
16.17272
24.75629
16.21896
24.55207
16.26462
24.55137
16.30957
26.06779
16.36359
26.37098
16.40988
28.68924
16.45452
27.552
16.49848
28.71482
16.54081
28.53044
16.59708
26.55153
16.64062
27.01521
16.68569
26.98643
16.72939
26.70389
16.78645
27.6294
16.83329
27.80967
16.87478
28.0898
16.92267
27.7162
16.96871
27.23762
17.01071
27.26629
17.05396
26.58904
17.11397
25.29204
17.15743
24.18872
17.19898
23.47181
17.24737
22.3468
17.28898
21.38543
17.34352
18.96091
17.38998
17.28746
17.44954
17.90399
17.48149
16.50467
17.52651
12.60232
17.57053
9.424063
17.61594
2.722395
17.6729
8.639201
17.71213
12.06152
17.76172
10.42681
17.80284
6.140535
17.86129
13.83379
17.90406
15.73287
17.94934
11.78469
17.99542
9.238227
18.03931
9.388435
18.09544
13.11836
18.13837
12.90145
18.18834
10.33251
18.22839
9.150491
18.27206
8.268806
18.3272
4.13427
18.37457
1.829597
18.41665
4.112375
18.46018
5.591211
18.52008
5.097852
18.56448
4.255929
18.60638
1.256788
18.65022
0.2776587
18.69894
0.3146578
18.7523
3.208881
18.79748
7.554008
18.84128
5.953646
18.88448
5.859696
18.93295
6.573516
18.98581
8.921983
19.034
8.945865
19.07718
6.98598
19.12052
4.951279
19.176
1.683072
19.22459
3.254377
19.26786
0.4039677
19.31185
3.914316
19.35643
6.065272
19.41241
3.729617
19.4561
4.606576
19.50056
2.813551
19.54868
3.338534
19.59249
3.986688
19.64402
3.970741
19.69345
4.331422
19.73727
2.225192
19.78008
1.662599
19.84689
3.7457
19.89446
1.148247
19.93744
1.932392
19.98051
3.358005
20.0276
4.781351
20.08419
0.2697954
20.12801
1.451313
20.17209
2.339001
20.21814
2.971045
20.2625
5.785944
20.30776
1.647939
20.36193
0.4140146
20.40766
0.4857778
20.453
2.70776
20.49641
2.19535
20.55103
0.4614008
20.59458
0.02797646
20.6424
2.101799
20.6876
5.324653
20.74187
2.923087
20.78687
3.046133
20.82834
2.028833
20.87753
0.3753442
20.92157
0.2102893
20.96599
1.342463
21.00815
0.06255726
21.06639
0.9659084
21.11035
3.100025
21.15478
0.7314168
21.19744
0.9127884
21.25435
4.442722
21.29772
5.686616
21.34546
4.480302
21.38859
4.032986
21.43506
3.600381
21.47884
3.203874
21.52235
2.593595
21.57642
1.706742
21.62759
2.899755
21.66673
4.115802
21.716
5.13557
21.76908
5.638263
21.80209
5.763066
21.85842
4.961002
21.90123
5.288095
21.9472
5.305112
21.98984
4.407489
22.04683
3.75984
22.09456
2.88018
22.13844
2.263129
22.18206
1.656585
22.22641
0.8559229
22.28456
0.2954137
22.32775
0
22.37178
0.07401875
22.41515
0.339197
22.46292
0.745461
22.51843
0.6798376
22.56125
1.040046
22.6054
0.9924868
22.65426
0.7083117
22.69509
0.7478197
22.7538
0.4992853
22.79662
0.3722032
22.84234
0.2832403
22.88561
0.1678588
22.92873
0.1235407
22.98755
0.1582588
23.03125
0.2289973
23.07376
0.261696
23.12298
0.03956468
23.16586
0.03956468
23.21806
0.2980514
23.26408
1.978431
23.31017
4.696235
23.35435
7.234974
23.41391
4.856881
23.45433
1.465536
23.49756
0.9009206
23.54617
4.772739
23.58903
6.104705
23.63156
7.570305
23.68811
11.71258
23.73611
16.73277
23.77861
19.33424
23.82151
18.18999
23.86708
18.96226
23.9249
24.11288
23.97026
27.08163
24.01266
28.6047
24.05884
30.48744
24.10279
30.35152
24.15696
34.07488
24.20478
35.37822
24.25095
34.31705
24.29472
34.74289
24.3379
36.909
24.39315
37.79095
24.43723
38.97715
24.48386
39.85024
24.52732
41.45921
24.5708
42.83143
24.61936
45.76982
24.66668
48.87777
24.71628
43.39059
24.75999
41.59909
24.80963
41.63328
24.85365
41.32056
24.90584
41.77386
24.95517
42.82736
24.99891
41.89262
25.04267
35.09391
25.08452
33.9166
25.14388
34.6567
25.18755
32.73114
25.23097
31.65574
25.27814
29.40068
25.32452
27.84036
25.36314
25.57026
25.42258
22.75012
25.46863
21.45004
25.5119
26.94248
25.55484
25.61144
25.60907
25.9041
25.65758
28.08346
25.70001
26.9514
25.74371
26.13079
25.78845
26.69694
25.8429
26.67934
25.88891
25.60605
25.93823
26.76963
25.98156
27.57997
26.02436
29.05296
26.0811
31.67661
26.12402
31.32514
26.16738
29.26479
26.21579
31.54328
26.25995
31.70761
26.3137
30.36194
26.35767
30.73443
26.40195
31.45275
26.46151
31.97465
26.50727
31.62272
26.55024
32.49366
26.59301
33.23982
26.64083
33.81376
26.69674
35.22311
26.74061
36.72685
26.78358
38.54729
26.82721
40.19843
26.87652
43.27906
26.91722
44.96338
26.96048
44.90613
27.00782
45.25592
27.05142
44.92794
27.10787
41.96601
27.15276
40.23393
27.20943
40.88712
27.24231
41.00537
27.28726
40.11885
27.34536
41.46593
27.38625
42.49133
27.43449
44.36823
27.47489
44.2074
27.5326
45.11815
27.57598
45.47598
27.62135
45.9747
27.6657
41.07347
27.71159
41.94255
27.75568
40.79684
27.8099
40.67822
27.85853
40.28264
27.90572
40.38453
27.94337
41.21047
27.99214
41.71759
28.0474
42.57652
28.0922
41.88896
28.13353
40.24277
28.18235
38.9531
28.22492
36.58624
28.28209
34.76472
28.32432
33.12004
28.37059
33.6423
28.41478
34.13256
28.45824
35.66468
28.5072
37.36026
28.56123
40.67191
28.60472
42.44788
28.64892
45.63499
28.69172
47.66572
28.74944
45.08033
28.79258
46.74059
28.84101
46.28684
28.88704
45.33969
28.93815
45.39727
28.98839
44.5307
29.02682
43.9897
29.07526
43.78153
29.12202
45.25315
29.16653
44.38857
29.21908
44.40707
29.26239
43.54453
29.30689
42.9429
29.35342
42.80814
29.39652
41.91515
29.44106
41.56133
29.50018
40.26162
29.54088
40.58401
29.59025
41.37052
29.63348
40.6673
29.68722
40.44703
29.73371
41.5086
29.77987
40.67759
29.82273
40.31088
29.86574
40.57845
29.91431
39.88065
29.9705
36.42689
30.01498
37.38148
30.05834
38.5657
30.10191
37.28424
30.14899
37.25694
30.19209
37.85805
30.24519
39.34564
30.29412
38.45782
30.34094
39.29622
30.3793
39.57865
30.43399
40.3244
30.48252
40.06407
30.52702
40.11849
30.57333
39.77143
30.61726
39.69436
30.66775
39.74166
30.73571
39.30834
30.76255
39.70426
30.80607
39.50346
30.84941
40.88492
30.90362
43.86106
30.95117
42.73745
30.9949
41.12109
31.03832
42.33394
31.0872
42.41873
31.13018
42.77093
31.18748
40.08671
31.23164
39.54609
31.27534
38.75332
31.31937
37.63759
31.36534
36.28784
31.42116
32.4671
31.46626
31.37115
31.50924
32.45849
31.55251
32.50431
31.59846
30.92655
31.64163
30.74355
31.70101
31.20846
31.74485
31.2769
31.78651
28.81087
31.83539
28.60534
31.87855
30.43399
31.92218
29.63552
31.97964
30.17471
32.02336
32.87798
32.0685
34.52761
32.1118
36.56649
32.15521
39.06151
32.2138
40.65957
32.25651
41.51982
32.29949
44.08143
32.34869
47.01192
32.39468
47.98221
32.43748
46.80736
32.49249
45.51275
32.53614
45.24841
32.58353
45.38576
32.64781
43.55501
32.69279
45.03278
32.73615
46.91479
32.78223
43.34824
32.82965
42.74331
32.88243
43.76861
32.93026
41.55681
32.97344
39.8432
33.01695
38.56429
33.06126
35.80926
33.12024
36.58904
33.16444
37.7141
33.20773
37.024
33.25585
37.97581
33.29785
37.88414
33.33918
37.15856
33.39896
36.85389
33.44203
36.1848
33.48643
35.18924
33.53068
34.82732
33.57461
34.11263
33.63161
33.72213
33.67461
33.17914
33.7197
33.043
33.76749
33.16156
33.81947
33.04532
33.85211
32.89577
33.91204
33.00175
33.95533
33.12331
34.00048
33.20718
34.04327
34.34909
34.10104
34.81123
34.14407
37.82298
34.18748
40.44642
34.23422
40.76591
34.27674
38.42923
34.32451
38.86661
34.37746
38.51968
34.42382
39.0274
34.46679
40.19159
34.51616
40.12354
34.5605
42.32631
34.61175
43.67756
34.6606
45.29624
34.70427
46.69453
34.74788
46.45707
34.80199
47.07154
34.84822
45.2228
34.8933
43.52608
34.93702
42.95581
34.98042
42.16655
35.02726
41.6599
35.08152
40.71811
35.13064
40.96351
35.17441
40.56688
35.21915
40.61216
35.26029
39.72391
35.3041
39.64317
35.36431
39.01838
35.40767
37.69514
35.45693
37.10006
35.49564
37.44766
35.53888
38.52888
35.59735
37.84008
35.64244
37.97703
35.68584
38.49815
35.72977
39.81607
35.77439
39.7243
35.83132
40.4871
35.8745
40.83196
35.92268
41.01451
35.96596
40.7135
36.00942
40.61627
36.06903
40.40592
36.11176
40.13095
36.15528
39.80959
36.19992
38.84988
36.24753
39.08853
36.29084
38.0195
36.3343
35.74089
36.38834
34.30322
36.43422
38.0442
36.47677
39.32761
36.52558
42.1097
36.57874
42.60155
36.62836
41.8782
36.67119
41.23563
36.71465
40.16778
36.75828
38.54747
36.80295
37.11371
36.85843
35.5725
36.90609
34.95019
36.94927
35.3596
36.99177
33.28819
37.04902
33.92146
37.09356
36.58884
37.13675
38.14918
37.18561
39.72355
37.22909
40.95151
37.27463
43.43992
37.33043
43.22006
37.37335
45.00871
37.41727
45.18658
37.46358
43.92436
37.50758
43.82811
37.56556
42.77117
37.60966
43.31474
37.65171
42.92831
37.6962
40.63468
37.74158
39.45297
37.79695
38.72958
37.8466
37.06785
37.88762
37.57883
37.93113
36.95044
37.97387
36.72906
38.03152
37.1811
38.07679
36.54606
38.11933
38.40696
38.16827
39.244
38.21142
39.73901
38.26845
40.00898
38.30979
40.48024
38.35654
40.51436
38.40237
40.05782
38.44317
40.50605
38.48882
40.99017
38.54804
41.28063
38.59164
41.3779
38.63507
41.19892
38.68151
38.18464
38.72503
36.7414
38.77108
40.69205
38.82227
40.26394
38.86854
39.77592
38.91633
41.38544
38.9601
42.74456
39.00374
45.92028
39.04937
45.67432
39.10699
49.27626
39.14991
50.50469
39.19359
48.80554
39.23838
46.32756
39.28484
44.92772
39.3284
45.3358
39.37117
46.03152
39.43012
46.93241
39.47567
46.38721
39.51987
44.62241
39.5652
45.74353
39.62025
45.94551
39.66577
45.02913
39.71029
41.56456
39.75527
38.98882
39.79864
37.70411
39.85328
35.66189
39.89907
39.70118
39.94219
37.65017
39.98764
38.02787
40.03032
40.10843
40.08699
39.52331
40.13006
40.26866
40.17407
39.57643
40.22474
38.97303
40.26842
38.2509
40.31435
38.1005
40.35773
37.67318
40.41158
37.30113
40.45448
36.77855
40.49964
37.07913
40.54768
37.01188
40.59019
37.10673
40.64365
38.02288
40.68426
38.19106
40.73337
39.1844
40.78071
40.00532
40.82211
40.19563
40.88074
40.2152
40.92587
40.65667
40.97185
41.30127
41.01414
40.21625
41.06112
39.3051
41.11678
38.4637
41.1591
39.92738
41.20148
40.72052
41.25111
45.31274
41.29536
42.96855
41.34966
42.94571
41.39259
44.78134
41.44125
42.88927
41.4837
40.86361
41.5295
37.10903
41.58217
36.45295
41.62999
32.7172
41.67258
29.8274
41.72038
31.98369
41.7646
31.82821
41.80738
31.72812
41.86097
32.38131
41.90902
30.83918
41.9529
27.85996
41.99797
27.11967
42.04182
30.33996
42.09929
28.376
42.14346
28.9797
42.18898
30.28214
42.23177
32.37978
42.27409
34.51424
42.33115
32.4584
42.3746
32.07112
42.42288
34.9478
42.4667
33.59142
42.51321
33.73338
42.5684
33.75022
42.61443
33.68878
42.65928
34.06949
42.70374
35.00754
42.74467
35.07657
42.78849
35.43422
42.84829
35.43498
42.89165
35.6274
42.93731
35.71657
42.97928
35.35482
43.04805
35.28696
43.07933
35.30735
43.12489
35.23996
43.16996
35.32508
43.21238
35.05776
43.26043
34.02846
43.31337
34.14386
43.35866
34.65618
43.4058
33.11382
43.44811
31.03628
43.49216
30.33263
43.54872
26.35103
43.59263
24.3077
43.64162
19.14294
43.68565
19.24431
43.73115
21.7554
43.78377
22.48474
43.82836
22.76108
43.872
20.08056
43.92191
17.07186
43.96375
13.3388
44.01702
12.46154
44.06587
9.981997
44.10842
8.467424
44.15404
8.309763
44.19835
6.818314
44.25263
4.619824
44.29581
2.481045
44.34202
1.643896
44.38749
2.361652
44.43156
1.789254
44.47984
2.023134
44.52336
2.91168
44.57928
1.901869
44.62191
0.6382713
44.66452
0.365305
44.7151
1.073743
44.76672
2.775093
44.81535
2.605417
44.85859
1.669178
44.90125
1.682141
44.94767
1.562352
45.0031
0.2446942
45.04634
1.7558
45.09452
1.706398
45.13797
0.1631294
45.17971
2.358251
45.23627
4.209381
45.27985
2.995521
45.32829
3.730404
45.36922
3.410075
45.41334
2.022843
45.47098
1.428892
45.51486
2.204247
45.56046
2.72807
45.60423
2.502411
45.64841
2.381048
45.69345
0.8242449
45.75188
2.005353
45.79533
4.235633
45.8382
2.262351
45.89834
10.62705
45.94801
7.874271
45.97767
5.646669
46.03269
8.332369
46.07195
8.848731
46.12079
11.0959
46.16693
7.40515
46.21993
5.366807
46.26358
1.46967
46.3068
3.868726
46.35738
5.286612
46.39596
2.447126
46.45554
3.012074
46.49871
1.275335
46.54289
6.116864
46.58898
3.796379
46.63254
1.848962
46.67546
3.020252
46.72498
2.534818
46.77763
2.980452
46.82142
1.325299
46.87085
1.88128
46.91431
2.91987
46.97127
5.246766
47.01509
4.382265
47.05838
4.00355
47.10104
6.457282
47.14959
6.723742
47.191
8.564468
47.25018
9.907763
47.29461
7.418783
47.3374
6.226583
47.38376
4.386197
47.43855
5.080914
47.48206
3.253114
47.52488
1.100918
47.56914
3.32649
47.61494
3.832774
47.67046
2.90151
47.71464
3.357655
47.75963
2.840142
47.80559
2.383431
47.84875
2.853688
47.89731
2.306305
47.94011
2.276237
47.9959
1.839943
48.03856
1.831094
48.08299
1.749435
48.14219
2.559638
48.17412
2.034613
48.23121
3.612325
48.2735
1.790129
48.31734
2.822859
48.36541
3.295447
48.41795
4.248883
48.46223
3.725204
48.51169
3.583591
48.55489
4.998379
48.60083
3.450314
48.64416
3.157651
48.68842
2.846613
48.74202
0.6726035
48.78694
0.4913847
48.8336
1.257877
48.87716
2.108679
48.92134
0.220287
48.98069
0.2102893
49.02196
0.7206361
49.06581
0.8724523
49.11552
2.13093
49.15908
5.528184
49.2069
3.1275
49.25688
1.68249
49.30106
2.116369
49.35034
6.256613
49.39346
5.775602
49.43837
3.059279
49.49184
4.977404
49.535
8.785836
49.58383
10.60311
49.62559
6.168058
49.66916
6.674178
49.72854
5.822583
49.7732
5.421372
49.81436
2.072071
49.86227
2.883101
49.91858
2.784529
49.96169
3.563593
50.00772
2.660063
50.05206
0.8880135
50.09613
2.89773
50.13995
1.103935
50.19419
0.2306999
50.24117
1.457771
50.28418
1.423541
50.32948
1.419824
50.37255
0.382573
50.41874
0.3805216
50.46713
3.001853
50.52123
0.272681
50.56722
1.150291
50.61353
0.07401875
50.65162
0.7865875
50.71129
0.5428462
50.75597
0.1282043
50.79984
0.1083524
50.84199
0.2690692
50.88789
1.106768
50.94207
0.9041728
50.99183
0.1493534
51.03373
0.3232465
51.0773
1.099495
51.12096
0.8600281
51.16973
0.7838463
51.22593
1.06091
51.26986
1.059433
51.31342
1.570099
51.35665
1.464334
51.40004
1.952041
51.44489
2.25012
51.50365
1.823597
51.54757
1.561601
51.59151
1.14415
51.63651
0.8096339
51.67916
0.3758652
51.73767
0.4361108
51.78072
0.03426402
51.83167
0.3626169
51.86984
0.2517883
51.917
0.3146578
51.97099
0.8035691
52.0144
0.03956468
52.06041
0.9089215
52.10901
1.97566
52.15277
4.011955
52.19732
4.682032
52.2498
6.521854
52.29835
7.150063
52.34203
10.17798
52.38618
10.6461
52.43182
8.298602
52.48662
8.436103
52.53154
5.859897
52.57597
1.927931
52.61979
0.615167
52.66522
2.316044
52.72068
4.243902
52.76454
7.255311
52.80782
12.23617
52.85534
14.53429
52.90882
7.373764
52.95638
6.439828
52.99853
5.372756
53.04506
3.536624
53.08829
2.269348
53.13193
0.8154138
53.18022
0.2839303
53.23632
3.489025
53.27907
0.07661668
53.32244
0.3522151
53.36649
0.660568
53.41599
1.534166
53.47153
2.11174
53.51445
3.144854
53.55895
3.641908
53.6019
2.535667
53.64772
5.616287
53.70216
4.945102
53.74619
4.152657
53.7944
3.966695
53.83807
3.185674
53.88506
3.178784
53.92952
2.672763
53.98476
3.635773
54.02839
3.882318
54.07484
4.756087
54.11861
4.471725
54.17289
2.188028
54.21556
2.866486
54.26152
0.8974388
54.30647
0.5881739
54.35102
0.8864697
54.40584
0.403483
54.4574
0.1356209
54.49523
1.465403
54.54354
2.376111
54.58694
1.839092
54.6401
0.3292442
54.68632
0.4849715
54.72917
0.3690354
54.77789
2.528323
54.82114
3.571716
54.86656
2.154223
54.91065
1.966425
54.95401
1.793515
55.00938
2.007109
55.05711
1.636379
55.10029
4.89625
55.14461
4.494096
55.19995
4.412863
55.24572
7.327533
55.29192
8.188346
55.33549
6.540559
55.37811
6.284721
55.432
4.05304
55.47812
2.869694
55.52216
3.359462
55.5685
0.5767518
55.61203
0.8708809
55.66974
1.244426
55.71339
3.987965
55.75701
5.635656
55.81274
6.081959
55.85111
6.119075
55.90391
5.269088
55.94682
3.340878
55.99169
3.750611
56.03918
5.266968
56.08071
1.292104
56.13588
2.807562
56.18465
3.603207
56.23716
4.308845
56.28346
4.99124
56.33691
8.235424
56.38462
5.159816
56.42757
5.797788
56.47346
6.091042
56.51657
3.959234
56.57673
1.973281
56.62097
1.618825
56.6646
0.03426402
56.71118
1.348572
56.75455
1.919589
56.79876
0.7636142
56.85326
2.896784
56.89985
2.895635
56.94408
0.6723125
57.00058
2.557037
57.04433
0.3006659
57.09059
0.6755064
57.13387
0.1866263
57.17681
0.1008706
57.22172
1.264549
57.27547
4.71555
57.32083
5.16949
57.36993
4.117895
57.41435
2.899148
57.46891
2.229848
57.51501
0.1440177
57.55959
2.749582
57.60318
4.792196
57.64643
1.893929
57.70323
0.7656615
57.74738
1.309703
57.79155
0.9356545
57.83462
0.6452838
57.88332
2.707832
57.93628
5.377495
57.97938
6.406829
58.02842
7.462403
58.0713
7.544702
58.1171
10.14381
58.17205
10.49754
58.21404
5.106377
58.26316
6.789459
58.30849
7.381344
58.3522
7.781875
58.39584
8.818709
58.44979
8.965762
58.49389
11.93527
58.5407
9.344685
58.58321
7.60122
58.64127
7.449191
58.68321
4.492352
58.72873
2.906566
58.77692
0.8381346
58.81934
0.6283845
58.86286
1.132633
58.91331
1.240331
58.9628
0.3516591
59.01038
1.985147
59.05334
0.7758168
59.1001
3.590033
59.14573
3.270759
59.19025
2.351769
59.24327
1.921219
59.28778
2.222375
59.33286
0.7927822
59.37979
0.1312212
59.43407
4.153269
59.4766
5.467266
59.5275
7.281763
59.57064
5.675438
59.61321
7.218387
59.65477
7.665263
59.71476
5.554109
59.75506
6.004855
59.80344
6.628891
59.84741
7.435401
59.89023
7.078479
59.9351
4.012053
59.99429
3.512905
60.03627
5.143766
60.07893
5.100657
60.13037
6.07057
60.17325
5.698117
60.22612
6.45786
60.27391
5.488766
60.31717
4.811371
60.36178
4.809457
60.40748
4.123408
60.44998
3.005308
60.50411
0.7030433
60.55013
2.087223
60.5935
2.671444
60.64228
2.257934
60.68486
3.289024
60.7406
3.12606
60.77243
3.542764
60.83
2.457263
60.8731
2.509987
60.91706
3.723522
60.96245
0.3891652
61.0221
3.673864
61.06442
3.102992
61.108
5.553192
61.154
6.277261
61.19747
7.690135
61.25625
6.921524
61.2988
7.01965
61.34498
7.127914
61.38837
7.637048
61.43735
7.918495
61.50702
8.485704
61.53921
9.342287
61.57953
6.007857
61.62383
4.59964
61.668
5.164712
61.71231
6.053075
61.77013
4.269942
61.81398
4.207194
61.85749
5.004489
61.90059
3.75614
61.94802
3.412944
62.00219
3.067523
62.04531
2.579292
62.09396
0.3966355
62.13725
2.62025
62.18381
2.83179
62.23753
1.67923
62.2808
1.475384
62.32942
1.646038
62.3727
0.3820612
62.41737
0.8182884
62.46058
0.8318071
62.51538
0.05233916
62.56143
0.08156469
62.60616
0.04423466
62.64961
0.5366834
62.69329
0.5821548
62.75689
1.004831
62.79574
1.397178
62.83853
1.555951
62.88808
2.008376
62.94168
3.993265
62.98356
7.603129
63.0284
13.59429
63.07283
19.16729
63.12146
23.09767
63.17854
23.49388
63.22161
21.3221
63.26382
17.01927
63.30795
13.24438
63.35218
11.33753
63.39906
10.6375
63.45739
8.058784
63.50214
4.755181
63.54493
0.6058724
63.59607
1.726691
63.63483
3.794986
63.68843
4.044623
63.73557
3.193654
63.77827
2.929509
63.82518
3.05723
63.86776
3.048381
63.92318
3.053514
63.97013
2.560326
64.01405
2.350853
64.05815
2.033843
64.10223
3.11439
64.15682
5.522971
64.20242
6.770308
64.24678
7.84235
64.2923
7.798805
64.33563
9.389398
64.38299
11.60057
64.43718
16.85514
64.47983
20.19173
64.52859
22.24701
64.57219
22.581
64.61802
18.51249
64.66171
18.36672
64.71677
24.12057
64.76077
28.90858
64.80709
32.56587
64.85025
39.4026
64.89326
63.55219
64.95058
65.14886
64.99781
38.11316
65.04163
29.39735
65.08847
15.17512
65.14285
6.014315
65.18825
9.233695
65.2314
5.627616
65.27494
2.485616
65.32111
26.64526
65.36699
58.13225
65.40903
129.2138
65.46355
158.4001
65.5124
168.1676
65.55558
175.3028
65.60123
178.3637
65.65598
173.8164
65.69921
171.7526
65.74217
171.6231
65.79279
172.9559
65.83427
174.2153
65.87716
173.405
65.92577
174.2082
65.97955
173.4331
66.02597
167.9612
66.06948
172.6951
66.11517
143.5225
66.16861
162.9505
66.21392
179.7209
66.25907
179.7879
66.30365
179.0791
66.34887
176.9029
66.39236
174.1924
66.4493
171.5481
66.49346
168.1409
66.5378
166.2495
66.58131
167.1277
66.63583
166.194
66.69395
165.5437
66.73836
140.2143
66.78551
169.0377
66.83039
167.7733
66.88208
179.4135
66.92918
177.7221
66.97051
176.3068
67.01912
128.4269
67.06322
28.77706
67.1059
52.79245
67.15426
113.0051
67.20722
122.8623
67.25262
142.0849
67.29948
144.8066
67.34142
129.0102
67.3894
92.14345
67.44346
48.59755
67.48571
60.69165
67.5345
65.30513
67.57557
55.97103
67.6235
60.12432
67.66361
58.30834
67.7219
70.59702
67.76878
51.37326
67.81123
44.90987
67.85628
74.46414
67.89844
55.37766
67.94637
166.7535
67.98941
147.647
68.05003
110.0583
68.09209
131.9493
68.13506
87.2663
68.18015
80.76556
68.24332
79.83086
68.28206
74.78611
68.32732
77.68446
68.37381
76.24571
68.42327
73.10583
68.46947
73.69826
68.51686
70.85487
68.55774
69.69198
68.60832
69.28241
68.6482
66.12127
68.69792
68.38034
68.74983
65.67649
68.79817
66.0075
68.84089
64.10943
68.88248
63.49775
68.93102
64.22549
68.98356
63.72886
69.03098
64.66586
69.07684
62.23032
69.12135
61.84193
69.16484
63.34371
69.21018
60.61719
69.26526
64.52056
69.31166
67.06741
69.35526
69.50341
69.39911
75.02508
69.44586
77.56657
69.50756
82.88889
69.55141
83.97397
69.60907
86.11575
69.63902
88.09792
69.69352
88.53629
69.75296
88.79768
69.78135
87.84881
69.82645
87.12754
69.86826
87.03169
69.91548
74.39762
69.96748
65.33723
70.01086
59.79842
70.05503
59.87177
70.10313
60.61289
70.15237
60.53714
70.20133
60.88062
70.23871
60.18025
70.30048
61.03187
