0
166.0219
0.7708058
9.851535
0.8135841
9.918694
0.8691093
9.906116
0.9165767
10.28073
0.9612548
10.30849
1.003189
10.26855
1.050082
10.3016
1.091069
10.29423
1.153709
10.37468
1.193771
10.335
1.238618
10.30015
1.285519
10.28733
1.340074
10.38355
1.382429
10.47061
1.429613
10.36172
1.473223
10.47488
1.516232
10.42894
1.574696
10.66051
1.616685
10.61222
1.66075
10.60486
1.709088
10.429
1.753352
10.37712
1.807665
10.463
1.853975
10.43575
1.899439
10.447
1.939453
10.3646
1.99806
10.23366
2.033707
10.06214
2.088993
10.11692
2.131085
10.07784
2.177887
10.32887
2.22084
10.27942
2.274846
10.03317
2.320341
9.507624
2.371585
8.287521
2.410595
6.712823
2.45715
5.367355
2.498736
4.238175
2.556872
2.749796
2.603799
0.923021
2.646892
0
2.690332
0.7945082
2.745054
1.213859
2.791467
1.501808
2.833719
1.719422
2.881983
1.710292
2.934983
1.458576
2.984254
1.148588
3.024722
0.6661724
3.070599
0.1823843
3.11523
0.261696
3.159694
0.6032831
3.202547
0.9121451
3.249841
0.8197219
3.305774
0.2601963
3.350999
0.2980514
3.393855
0.06852804
3.440334
0.199792
3.481966
0.6158028
3.539546
0.9962258
3.584412
1.280236
3.62711
1.512714
3.673663
1.524312
3.715844
1.444285
3.763435
1.40486
3.80823
1.5211
3.864636
1.568104
3.907595
2.012951
3.953845
2.220437
3.997228
2.58475
4.055285
2.803724
4.096981
3.103371
4.139991
3.404098
4.187922
3.340761
4.241559
3.468651
4.288548
3.301916
4.331609
3.249079
4.377545
3.108917
4.425447
3.18549
4.468076
3.126874
4.523473
2.995325
4.568076
2.799253
4.610479
2.883033
4.655115
3.015127
4.710948
3.164278
4.758539
3.630492
4.804601
2.013923
4.847988
1.242538
4.889858
1.761587
4.945635
1.170359
4.981421
0.7674484
5.033775
0.9514161
5.083797
4.074148
5.128115
6.202639
5.169158
5.25941
5.214252
0.9377435
5.273426
5.156473
5.31689
4.059798
5.360661
4.511105
5.403941
3.92361
5.457853
1.809375
5.506393
1.496325
5.548367
0.09691329
5.594334
0.6676395
5.640831
0.6000308
5.684439
0.06852804
5.731628
0.1251145
5.783648
0.5162413
5.831288
0.2074791
5.872375
0.4092611
5.917194
1.637216
5.972524
2.554049
6.020301
1.722947
6.063405
0.07661668
6.110396
1.28527
6.162977
2.790077
6.211738
3.451336
6.254702
4.964911
6.299695
6.140344
6.343391
5.600877
6.386933
5.072577
6.432386
6.120421
6.487171
7.199908
6.535502
7.194539
6.578871
7.230634
6.621673
7.217979
6.678931
7.378313
6.724072
7.392288
6.768979
5.36341
6.812455
6.024866
6.859848
6.895546
6.910048
5.621868
6.95557
6.113017
7.001494
6.366889
7.045615
8.896602
7.092813
10.42181
7.149065
11.15687
7.19135
9.567826
7.240934
9.006517
7.282188
8.194051
7.328409
4.71235
7.380461
1.511679
7.425672
2.707977
7.469428
1.661186
7.515692
2.624803
7.55808
1.29528
7.603917
3.817365
7.66125
5.268902
7.707218
9.121906
7.748849
12.27364
7.796221
10.95327
7.837326
11.35619
7.882098
11.64804
7.92817
11.43182
7.983052
10.14106
8.028382
11.68741
8.071301
10.08301
8.117805
9.712944
8.164131
11.82405
8.220053
14.82714
8.264152
20.09546
8.310481
20.49133
8.353403
21.479
8.400757
19.44995
8.455089
20.07585
8.497205
20.30834
8.543187
18.63865
8.589472
18.76564
8.63429
17.23412
8.677571
15.25346
8.725879
14.72421
8.774924
11.79465
8.820802
10.13492
8.864906
6.142099
8.910742
2.887443
8.956664
3.337888
9.013838
3.377654
9.060154
4.054488
9.100721
3.062668
9.147048
1.679929
9.192046
1.441708
9.237432
2.143658
9.293093
0.858206
9.333879
1.368879
9.38004
0.01978234
9.426024
0.07912937
9.479125
1.990168
9.515371
3.125872
9.571307
2.940514
9.617816
4.227904
9.659497
6.582996
9.7138
6.765643
9.758549
4.843268
9.803752
2.223168
9.848718
1.736298
9.89765
3.655966
9.938237
4.090745
9.995218
3.318948
10.2961
2.791269
10.31215
2.429305
10.32274
2.555429
10.33364
2.461959
10.34394
2.241055
10.35501
2.163561
10.36562
2.035286
10.3759
2.062699
10.40741
3.110868
10.46284
4.201651
10.51105
4.830915
10.55156
9.059852
10.59725
10.31025
10.6434
6.618677
10.68707
8.146832
10.74347
7.183132
10.79036
7.441126
10.83212
6.030459
10.87857
6.605152
10.9222
4.012882
10.97942
0.3901695
11.02029
1.27057
11.06627
0.03426402
11.11076
0.315279
11.15706
1.571968
11.20305
2.387451
11.25863
4.841367
11.30221
5.710108
11.34809
7.928924
11.39274
6.800658
11.44797
1.146201
11.49552
1.196485
11.53587
1.89713
11.58176
3.71051
11.62827
7.086705
11.68032
4.462298
11.72815
1.871371
11.77186
0.8767033
11.81546
1.460721
11.86104
2.914972
11.90473
5.770577
11.95944
6.803714
12.00615
5.407801
12.05106
5.323291
12.09619
2.249511
12.14906
0.3432113
12.19499
0.0656106
12.24326
0.1907741
12.28376
0.4284154
12.33242
1.035143
12.37302
2.456706
12.43016
1.048105
12.4744
3.596572
12.52181
2.969002
12.562
3.02705
12.60714
5.117033
12.65412
4.473389
12.71397
5.120286
12.75498
1.690265
12.80131
0.05233916
12.843
0.8908735
12.89877
1.018564
12.94698
1.088585
12.98816
1.790894
13.0355
1.563855
13.08828
1.321306
13.13172
1.398718
13.17694
1.847162
13.22281
1.263156
13.27984
0.4805128
13.32721
0.9761857
13.36744
0.6122975
13.41407
0.4727124
13.45872
0.4829499
13.50271
0.906766
13.557
0.06255726
13.60312
2.239657
13.64931
1.356096
13.69093
4.211474
13.73893
2.473539
13.78042
2.097978
13.83633
3.393499
13.88319
6.188145
13.93267
6.142737
13.96995
6.351966
14.01635
6.606102
14.06296
6.538071
14.1039
7.187145
14.16194
2.186238
14.20808
1.209499
14.25051
3.196227
14.29643
1.797874
14.34003
0.5702693
14.38764
2.071504
14.43848
0.9061184
14.48475
5.432891
14.53105
3.509727
14.57439
3.977295
14.62998
5.628035
14.67612
6.500743
14.71804
6.663326
14.76825
7.559825
14.82003
7.651553
14.85334
9.184273
14.90876
8.629079
14.95622
4.076262
14.99741
4.722192
15.043
3.316883
15.1006
3.626174
15.14494
3.640671
15.18722
5.160233
15.23256
2.432767
15.27792
0.01978234
15.3332
0.6829963
15.37691
1.294373
15.42362
1.023738
15.47073
1.638531
15.51147
1.49161
15.55925
2.103661
15.61538
2.447846
15.65723
2.719806
15.70325
2.998199
15.75224
4.024771
15.79312
5.750809
15.83887
6.543197
15.89435
5.915529
15.93958
3.550107
15.98224
3.62477
16.02818
2.858211
16.06994
4.221971
16.11471
5.628452
16.17408
1.475384
16.21486
0.6138933
16.26111
0.1083524
16.30748
2.205135
16.36453
2.672177
16.40665
4.379135
16.45271
2.189905
16.49487
2.338164
16.54193
1.323378
16.5947
1.171362
16.64087
1.210469
16.68704
1.410698
16.73286
1.790784
16.78677
0.7735435
16.83225
0.6889865
16.87805
0.2102893
16.91886
0.3609945
16.96803
0.4432315
17.01128
0.04423466
17.05644
0.3620769
17.11005
0.9462603
17.1562
1.376293
17.19995
1.368307
17.24619
1.45804
17.28742
0.9569532
17.34306
0.6183397
17.39061
1.223493
17.44665
2.903533
17.47831
8.160749
17.52409
10.49184
17.57282
10.99857
17.61419
10.62344
17.67008
8.438919
17.71681
8.563368
17.75807
10.31548
17.80428
14.13857
17.86044
5.176118
17.90651
2.480334
17.94713
5.363849
17.99481
7.691691
18.03603
7.530226
18.0927
3.264468
18.13934
2.382281
18.18235
4.076694
18.22882
4.552942
18.27339
4.198153
18.32851
4.184509
18.37451
5.46533
18.41804
5.476971
18.46066
6.343256
18.51904
5.597062
18.56051
5.236336
18.60911
2.581568
18.65418
2.14375
18.6949
2.285247
18.75084
4.590005
18.79964
8.830954
18.84047
6.503367
18.88761
5.447732
18.9294
6.004169
18.9882
8.351483
19.03313
8.653081
19.07446
7.089445
19.12115
5.059815
19.17779
1.578428
19.22295
4.691436
19.26466
1.826278
19.31084
5.009185
19.35538
6.422572
19.4095
3.394364
19.45429
3.350651
19.49993
1.339837
19.54622
2.000858
19.59622
2.295928
19.64752
2.026034
19.69187
0.4897892
19.73433
0.450674
19.78001
0.3177519
19.84459
5.761025
19.88985
2.68533
19.93631
3.702269
19.98202
4.301839
20.02608
4.465106
20.08317
0.03426402
20.12609
2.081213
20.17012
2.542528
20.21877
3.073771
20.25931
6.010663
20.30749
1.725671
20.36278
0.5549665
20.40727
0.4727124
20.44928
3.679031
20.49639
3.824591
20.55337
0.8976567
20.59759
1.87179
20.64164
2.890425
20.68263
4.568618
20.7387
1.119775
20.78593
1.108182
20.83025
0.2406627
20.87737
0.5668277
20.9185
0.2365626
20.96543
1.210146
21.01145
0.1203313
21.06438
1.812509
21.11103
4.105273
21.15207
0.7488656
21.19876
1.160958
21.2525
1.692001
21.2982
3.277097
21.34499
1.860674
21.3908
1.613254
21.43473
1.370593
21.47684
1.242223
21.52228
0.844183
21.58041
0.1678588
21.62074
1.61374
21.66924
3.155108
21.71462
4.328843
21.76614
5.082802
21.80196
5.020203
21.85643
3.856661
21.90354
3.720523
21.94977
3.944368
21.98978
3.340937
22.04625
3.208271
22.09381
2.365213
22.13725
1.781801
22.18229
1.214665
22.22407
0.5059038
22.2843
0.1312212
22.32718
0.2255535
22.3727
0.1968319
22.41439
0.3990945
22.46292
0.7324861
22.51881
0.6036074
22.55938
0.8093922
22.60494
0.6760855
22.64897
0.4913847
22.69546
0.6036074
22.75084
0.4760123
22.79602
0.4125943
22.84028
0.2176059
22.88595
0.05233916
22.93036
0.1948336
22.98594
0.1186941
23.02838
0.4392403
23.075
0.4015385
23.1188
0.1958353
23.16352
0.6305605
23.21855
0.7558876
23.2645
5.08731
23.30869
9.479153
23.3541
13.5131
23.40966
16.90572
23.45274
23.85513
23.4997
27.4419
23.54544
28.31277
23.5902
29.8583
23.63812
29.56697
23.68904
25.57757
23.73527
20.47828
23.77719
17.67466
23.8234
18.09537
23.86721
16.67135
23.92206
10.85674
23.96831
7.343741
24.01312
5.736204
24.05665
3.887057
24.10232
4.0556
24.15825
0.3921704
24.20374
0.589503
24.24911
0.8308656
24.29072
1.07829
24.337
0.03956468
24.39282
0.1083524
24.43934
0.08156469
24.48332
0.07912937
24.53001
0.8432553
24.57197
1.686556
24.61439
4.086962
24.66225
6.446858
24.71945
0.7140896
24.76102
0.5702693
24.80448
0
24.85451
0.6661724
24.90615
1.738888
24.95357
3.709138
24.99573
3.526478
25.04176
2.886562
25.08708
3.624878
25.14319
2.584902
25.1838
4.306844
25.23096
4.82162
25.27494
6.383589
25.31999
7.255284
25.36629
8.737949
25.41936
11.26998
25.4679
12.11245
25.51335
6.75758
25.55762
8.514607
25.61055
8.346097
25.65594
5.907836
25.7
6.518847
25.74777
6.797745
25.79363
5.579
25.84258
5.06794
25.89097
6.096447
25.9325
5.215189
25.97784
4.870133
26.02379
4.036238
26.07836
2.125504
26.1245
3.446454
26.17218
6.037639
26.21321
4.161089
26.25893
4.025209
26.31398
5.052957
26.35905
3.97084
26.40399
2.568646
26.45981
1.62558
26.50434
1.505062
26.54674
0.7415132
26.59186
0.4805128
26.63725
0.5267473
26.6959
0.01978234
26.74132
0.08392937
26.78328
0.6068404
26.83263
0.8906538
26.87736
2.54068
26.91829
3.384429
26.96402
3.277755
27.00553
4.08677
27.05185
4.458302
27.10668
2.393265
27.15197
1.792423
27.20916
3.426399
27.24075
4.48943
27.29121
3.893701
27.3422
5.673885
27.38838
6.921553
27.42959
8.489892
27.4756
8.037707
27.53021
8.866054
27.57591
9.287069
27.62157
9.519855
27.66346
4.413041
27.71274
5.354452
27.75462
4.234107
27.81199
4.444088
27.85342
4.132422
27.89897
4.231516
27.94574
4.830794
27.99193
4.871139
28.04795
4.930223
28.09024
3.003353
28.13492
0.9516218
28.18233
0.6311808
28.22269
3.187149
28.27872
4.910674
28.32326
6.809506
28.37086
6.598528
28.41237
6.859784
28.46014
6.219589
28.50556
5.28739
28.56152
2.608946
28.60251
1.601567
28.65038
0.8862489
28.696
2.033266
28.75004
1.308059
28.79205
0.7710097
28.83814
1.450639
28.88427
2.588382
28.93881
1.928134
28.98615
1.644134
29.02751
0.5961047
29.07525
1.265168
29.1179
4.351497
29.16449
4.552512
29.22113
5.38365
29.26221
5.650867
29.30883
5.796875
29.35431
6.353231
29.39501
5.858927
29.44104
5.449746
29.49897
3.98546
29.54259
4.379762
29.5881
5.218081
29.63329
4.707484
29.68817
4.740988
29.73141
6.092168
29.77769
5.393832
29.82315
5.013916
29.86472
4.943992
29.91126
3.519475
29.96582
0.2298502
30.0109
0.5428462
30.05733
1.516719
30.10242
0.2281412
30.14656
0.2954137
30.19139
0.4401304
30.24817
0.6074851
30.28994
0.4953507
30.33505
0.07912937
30.38127
0.02797646
30.43707
0.2255535
30.48203
0.25101
30.52936
0.09278741
30.571
0.3238513
30.61839
0.4652019
30.6577
0.220287
30.71356
0.4297835
30.76238
0.06255726
30.80416
0.3071049
30.85029
0.8842595
30.90595
3.526867
30.94879
1.405138
30.99458
0.6644077
31.04149
0.4092611
31.0825
0.660568
31.13097
1.165333
31.18544
1.328249
31.23176
1.759919
31.27345
2.221406
31.31849
2.760028
31.36245
3.245944
31.41883
6.278572
31.46593
6.353911
31.51099
4.592096
31.55436
3.493679
31.59522
4.145576
31.64215
3.399724
31.69772
2.332968
31.74787
1.404721
31.78897
3.307485
31.83467
3.161183
31.87536
0.8989637
31.92294
1.486221
31.97727
1.181012
32.02266
1.214665
32.06912
2.075563
32.11012
3.102929
32.15819
4.404333
32.21078
4.669002
32.2581
4.398103
32.30122
5.832707
32.34746
7.488285
32.39101
7.56447
32.4378
5.895348
32.4927
4.54019
32.53765
4.75971
32.58101
5.120095
32.64624
3.937709
32.69279
5.943364
32.73484
8.46798
32.78387
5.371296
32.82484
5.33311
32.88159
6.858182
32.92844
5.178995
32.97292
3.793231
33.01503
2.468945
33.06082
0.587175
33.11833
0.2211734
33.16751
0.3620769
33.20843
0.5263757
33.24944
0.5101407
33.29549
0.902006
33.33849
0.9505931
33.39605
0.6909717
33.45896
0.2741124
33.48698
0
33.53253
0.6696879
33.57444
0.9091367
33.63033
0.842791
33.67629
0.8173313
33.72192
1.068628
33.76561
1.414439
33.8199
1.345666
33.85638
1.205447
33.91012
1.088585
33.95636
0.7099674
33.99969
0.1582588
34.04674
0.311533
34.10196
0.3127867
34.14682
1.201056
34.19046
2.804911
34.23608
2.397187
34.27698
0.4449939
34.32301
0.4784724
34.38323
1.010463
34.42427
0.1398823
34.47103
1.480152
34.51272
1.856356
34.55901
4.374884
34.61261
5.84382
34.65773
7.482229
34.70452
8.672559
34.74632
7.991905
34.80328
8.583138
34.84788
6.840858
34.89355
5.487159
34.94002
5.500144
34.98344
5.322849
35.02877
5.456395
35.08449
5.124762
35.12678
5.97842
35.17072
5.899303
35.21983
6.035496
35.26192
5.076052
35.30486
4.362915
35.36139
3.294615
35.40555
1.139695
35.45708
0.3032579
35.49869
0.4121198
35.54058
0.302612
35.5945
0.4334104
35.641
0.6952065
35.68649
0.6437659
35.73312
0.1988102
35.77787
0.220287
35.83021
0.220287
35.87574
0.5712977
35.921
0.8791551
35.96659
0.7715172
36.00987
0.6467983
36.06796
0.6327289
36.10938
0.6737661
36.15511
0.6410245
36.19934
0
36.24589
0.4571402
36.29155
0.132704
36.33439
2.21576
36.39086
3.71631
36.43306
0.3753442
36.48084
0.4029978
36.52169
2.605492
36.57832
2.797714
36.62564
1.117501
36.66904
0.3202056
36.71303
2.149494
36.75943
4.23568
36.8053
5.564261
36.85656
6.719978
36.90291
6.701039
36.94873
5.836335
36.99447
7.394464
37.04871
6.471054
37.09604
3.849292
37.13681
2.602485
37.18179
1.609003
37.22934
0.5211454
37.27058
1.962241
37.32838
1.632308
37.37416
2.62905
37.41844
2.532578
37.46468
1.156229
37.50769
1.36444
37.56289
1.286183
37.60599
3.231073
37.65458
3.854833
37.69535
2.282505
37.74139
1.821449
37.79581
1.471666
37.83935
0.02797646
37.8847
0.5944612
37.93191
0.429328
37.97752
0.8395343
38.0302
1.693735
38.07584
0.8336869
38.12404
2.397187
38.16446
2.874942
38.21081
2.736237
38.26497
2.42277
38.30992
2.233444
38.35566
2.088348
38.40077
1.604009
38.44382
2.219467
38.48861
2.885951
38.54821
3.527699
38.58936
3.880956
38.6328
3.611783
38.67803
0.4528397
38.72272
1.022782
38.76902
2.840555
38.82548
2.07999
38.87186
1.360131
38.91295
3.129815
38.95812
4.249989
39.00363
7.057858
39.047
6.4492
39.10411
9.379994
39.15016
10.52585
39.19567
8.623636
39.23927
6.261561
39.28538
5.113853
39.32653
5.945739
39.37159
6.843896
39.43018
8.08148
39.47172
8.117983
39.5169
7.01459
39.56377
8.529172
39.62008
8.980979
39.66415
8.385203
39.70663
5.574185
39.75239
3.445942
39.79781
2.43767
39.85217
0.6138933
39.90009
4.842257
39.94138
2.548295
39.98762
2.387861
40.02944
4.000712
40.08733
3.004721
40.13225
3.346675
40.17764
2.688317
40.21884
2.275033
40.26406
2.01227
40.31094
2.419051
40.3574
2.465851
40.4121
2.559026
40.45436
2.453995
40.50023
2.862181
40.54662
2.604139
40.58801
2.489943
40.64374
2.730938
40.67698
2.269865
40.73637
2.854922
40.77723
3.300848
40.82162
3.056078
40.88121
2.743738
40.92754
2.73824
40.96767
3.286106
41.01305
2.293199
41.06118
1.574331
41.11179
0.6268256
41.16103
2.036439
41.20603
2.657044
41.25005
6.887036
41.29392
4.151289
41.34764
3.244315
41.3927
4.233274
41.43894
2.365461
41.4812
0.9819816
41.52907
1.793842
41.58489
1.367306
41.63008
3.476657
41.67379
5.080335
41.71864
1.742935
41.75985
1.058879
41.80729
0.6626383
41.86688
0.02797646
41.90806
0.9753835
41.95422
3.750976
41.99577
4.369688
42.04226
0.8151737
42.09696
2.817584
42.14195
2.218673
42.18831
1.249605
42.23412
0.2017412
42.27666
1.586836
42.3323
0.9507989
42.37704
1.512455
42.42274
1.355086
42.46865
0.05233916
42.51163
0.03956468
42.56697
0.07661668
42.61388
0.1480375
42.65453
0.1780411
42.70331
0.9170658
42.74341
0.6852845
42.78771
0.717643
42.84837
0.3805216
42.89019
0.05934703
42.93507
0.1170339
42.97967
0.14537
43.04786
0.03956468
43.08451
0.1398823
43.12423
0.1119058
43.1692
0.3374619
43.21411
0.3426407
43.26117
0.1312212
43.31448
2.102172
43.35777
6.357767
43.40331
8.465824
43.44746
10.44924
43.49375
13.71871
43.55241
13.31174
43.59293
16.50273
43.63934
15.31125
43.68631
17.98798
43.72977
22.45662
43.78589
23.7684
43.82704
24.16133
43.87456
20.80871
43.91845
17.25923
43.96468
14.81157
44.01715
14.66459
44.06321
14.68316
44.11249
14.38324
44.15282
15.75382
44.19765
16.13937
44.25384
16.28334
44.29605
17.37571
44.34464
18.19997
44.38572
19.71453
44.43181
19.58963
44.47857
19.71926
44.52181
20.13625
44.57782
18.70432
44.6233
16.69267
44.66449
15.95956
44.71509
14.28845
44.76689
12.54898
44.81348
12.57139
44.85581
13.62157
44.90206
13.68197
44.94613
13.36632
45.00188
14.12457
45.04861
12.28797
45.08928
11.93533
45.13844
13.41542
45.17974
10.16353
45.23768
8.090755
45.27966
7.432393
45.32841
6.006781
45.36861
4.983933
45.41518
3.937212
45.47173
4.475228
45.51921
4.605471
45.55976
4.347985
45.60624
4.068327
45.64933
4.004969
45.69624
2.089472
45.7495
2.487269
45.79677
5.192483
45.8381
2.251772
45.89393
9.656773
45.93774
7.164974
45.97393
4.586078
46.0302
6.690437
46.07632
7.550085
46.11686
10.43681
46.16563
6.963312
46.21714
4.765099
46.2635
0.9594038
46.31002
3.927402
46.35291
6.003549
46.39816
3.151508
46.45348
3.761975
46.5001
0.5993783
46.54482
5.199121
46.58595
3.092881
46.63135
1.544083
46.67635
2.900295
46.72227
2.637598
46.77617
3.604566
46.82332
3.091552
46.87121
3.453151
46.91167
4.156851
46.96973
6.116929
47.00999
5.334653
47.05564
4.186755
47.10125
5.709662
47.14553
5.36834
47.191
7.389421
47.24764
8.704728
47.28915
5.871626
47.33947
4.781884
47.38104
3.372549
47.43832
4.721694
47.47945
3.483015
47.52764
1.560598
47.57184
3.826996
47.61351
4.342441
47.67002
3.094527
47.71416
3.053322
47.76257
2.025937
47.80409
1.493052
47.8496
2.110256
47.89449
1.862776
47.93951
1.963537
47.99239
1.677014
48.03835
1.696506
48.08441
1.560723
48.14027
2.794283
48.17388
1.573709
48.23019
3.25564
48.27298
0.8915322
48.32101
1.267023
48.36225
1.326332
48.41997
2.348687
48.46643
2.283362
48.51299
2.082341
48.55549
3.835277
48.59584
2.040088
48.64164
1.335888
48.68811
1.066795
48.74394
0.8110828
48.78793
1.887926
48.83356
2.719734
48.8764
2.770292
48.92163
0.4739525
48.97751
0.6661724
49.02462
1.785093
49.06712
0.05595291
49.11372
2.520181
49.15775
5.4913
49.20041
2.87358
49.25761
1.439942
49.30008
1.828741
49.34736
5.79471
49.39288
5.750809
49.43624
2.758041
49.49497
3.856762
49.53681
7.78359
49.58273
9.145077
49.62669
4.54769
49.6697
5.08989
49.72527
4.247823
49.77544
4.789252
49.83585
1.936338
49.85873
2.36695
49.91529
1.958347
49.96375
2.628827
50.00793
2.034324
50.05325
1.232576
50.09771
2.602636
50.14045
0.5539077
50.19445
0.5885065
50.24084
1.005026
50.28736
0.3006659
50.32943
0.1545051
50.37904
1.537606
50.42122
1.801028
50.46268
0.5841681
50.51955
1.964633
50.5661
2.39441
50.61179
0.268341
50.65284
0.8383681
50.70953
0.4780633
50.75168
0.3140353
50.80116
0.06852804
50.84174
0.4592754
50.88678
0.3250574
50.94137
0.1643245
50.99371
0.7354187
51.03473
0.7922885
51.08054
0.1631294
51.12027
0.3090104
51.16599
0.360452
51.22296
0.06255726
51.27
0.1813082
51.31481
0.2446942
51.35534
0.132704
51.40028
0.652521
51.44633
0.9052542
51.50063
0.6202354
51.54505
0.429328
51.5929
0.1384764
51.63432
0
51.67937
0.3039024
51.73505
0.1282043
51.78089
0.4489339
51.82468
0.8173313
51.87165
0.1101434
51.91663
0.06255726
51.97232
0.3000144
52.01597
0.5888388
52.06202
1.32648
52.10361
1.957647
52.14949
3.119854
52.1979
2.675032
52.25112
3.821313
52.2971
3.324488
52.33985
6.099179
52.38644
6.78631
52.4325
4.5395
52.48293
6.194194
52.5298
2.875555
52.57588
0.4334104
52.62069
1.320714
52.6625
2.393674
52.71776
3.387841
52.76645
7.564392
52.81174
12.12483
52.85325
14.4306
52.91039
7.471732
52.95578
6.966522
52.99762
5.389143
53.04181
3.46515
53.08772
2.132766
53.13404
0.7865875
53.18002
0.2832403
53.23401
3.534409
53.27925
0.1312212
53.32373
0.8357967
53.37012
0.7715172
53.4133
3.791682
53.46977
4.839829
53.51635
6.164624
53.55683
6.765672
53.60266
5.728613
53.64738
8.596057
53.70352
6.958268
53.74921
6.292858
53.79132
6.337566
53.83715
6.309319
53.88389
6.994314
53.92524
6.643903
53.98447
6.907908
54.02829
6.497877
54.07409
6.815092
54.11586
6.128487
54.17275
3.231618
54.22096
3.60956
54.26225
1.191405
54.30837
0.6068404
54.3505
0.8935054
54.40712
0.4320539
54.44975
0
54.49605
0.922597
54.54234
1.574331
54.5836
2.518394
54.6436
0.4698059
54.68511
3.077271
54.72961
3.592214
54.77536
2.039896
54.82143
1.739339
54.86548
3.233193
54.91201
3.282351
54.95354
3.561944
55.0092
2.463707
55.05256
6.313606
55.10036
7.85218
55.14682
5.892354
55.19866
4.06539
55.24312
5.460954
55.28954
5.596536
55.33503
4.226746
55.38092
4.653368
55.43872
2.56956
55.48136
0.5055169
55.52316
1.354075
55.57007
0.829923
55.61114
1.692001
55.67065
1.715206
55.71125
4.226468
55.75705
5.888028
55.81421
6.403064
55.84873
7.485611
55.90617
6.401227
55.94792
5.454382
55.99411
6.347149
56.03516
8.035925
56.08382
5.570739
56.13577
6.691697
56.18081
8.3181
56.23723
7.488023
56.28707
8.255403
56.33687
9.92339
56.38273
6.908306
56.42949
8.042884
56.47363
8.64352
56.51863
6.810428
56.57554
4.393781
56.61591
5.239553
56.66454
3.938057
56.70584
2.683288
56.75203
2.383595
56.79854
3.662014
56.85838
0.8623004
56.90108
1.540785
56.94239
2.681975
56.9981
0
57.0439
2.680587
57.08895
2.505225
57.13575
3.458702
57.17825
3.217593
57.22376
4.018344
57.27734
6.685129
57.32319
6.974346
57.36887
5.679685
57.41433
4.490477
57.46859
4.090219
57.51403
2.969661
57.55442
5.770781
57.59998
7.804164
57.64717
5.017041
57.70035
3.369994
57.74683
4.021657
57.79219
3.490988
57.83743
1.786736
57.88142
0.2315465
57.93407
2.775516
57.98075
3.422968
58.02716
4.351317
58.07113
4.232673
58.11687
6.681813
58.17263
7.525117
58.21358
2.1346
58.26192
4.138863
58.30402
4.731227
58.34972
4.798896
58.39521
5.506731
58.44946
5.907073
58.49297
7.535723
58.53908
4.645321
58.58444
3.375509
58.63911
4.760163
58.68272
1.589424
58.7313
0.5496522
58.77475
2.468865
58.81717
1.728277
58.86706
1.273954
58.90843
0.3000144
58.96505
1.14961
59.01066
0.454995
59.05489
0.5000685
59.09802
2.390401
59.14333
2.422366
59.18903
3.267465
59.24162
3.326431
59.29027
1.491872
59.33049
0.7674484
59.3773
0.3310224
59.4339
4.455401
59.47954
4.901249
59.52086
5.152025
59.5675
3.240269
59.61256
4.735283
59.65723
5.511711
59.71455
4.008096
59.75581
4.202536
59.80117
5.177973
59.84589
5.882766
59.88956
5.497613
59.93526
2.265722
59.99174
2.461561
60.03785
3.667677
60.08532
4.457467
60.12468
5.72413
60.17065
5.063647
60.22653
5.021958
60.27222
2.393756
60.31561
1.337937
60.36009
1.417065
60.40436
1.152839
60.44967
0.3483046
60.50355
0.7790887
60.54892
1.953344
60.59285
1.648414
60.63786
0.4601268
60.68403
0.8623004
60.74216
0.8318071
60.77461
0.590498
60.83036
1.81197
60.87241
1.725557
60.92015
3.516916
60.96621
0.1907741
61.01866
3.664205
61.06647
2.950018
61.10949
4.762755
61.1512
5.103882
61.19695
5.97258
61.25412
4.942486
61.30343
4.741319
61.34417
4.93062
61.39005
5.557601
61.4306
5.785638
61.48677
5.873863
61.53557
5.479511
61.57642
3.476488
61.62185
2.378828
61.66804
3.037122
61.71206
4.243902
61.76818
2.61202
61.81405
2.375617
61.85514
2.843999
61.90135
1.661657
61.94619
1.223973
62.00407
1.335448
62.04604
1.744731
62.09072
0.1532334
62.13398
1.664951
62.18032
1.528415
62.23567
0.2255535
62.28164
0.373777
62.32608
0.2654082
62.37152
1.076473
62.41768
0.9972074
62.46277
1.523157
62.51704
0.8430232
62.56253
0.8784871
62.609
1.01914
62.64849
1.363292
62.69261
1.249605
62.75182
1.518782
62.79408
2.118679
62.84015
2.413949
62.88666
2.8205
62.94123
4.302248
62.98748
7.582246
63.02902
11.69376
63.07465
16.18055
63.12009
19.66446
63.17318
21.7184
63.21854
22.47263
63.26407
20.01084
63.31026
16.72329
63.35498
14.3893
63.39976
13.3493
63.45483
14.33842
63.49905
14.37179
63.54195
13.61708
63.58829
12.99144
63.6342
11.67518
63.6879
10.93832
63.73643
10.74525
63.77763
9.96786
63.82353
9.602386
63.8699
8.362363
63.92574
8.720306
63.97036
8.794775
64.01225
6.997651
64.05639
6.492503
64.10419
5.197311
64.15952
3.563263
64.2013
2.133592
64.24843
2.09097
64.29437
2.15613
64.33697
0.3090104
64.38097
3.611078
64.43857
8.83062
64.48116
15.35234
64.52701
22.55094
64.57096
29.87012
64.61571
37.6901
64.66315
46.95928
64.71494
56.54417
64.76034
64.0375
64.80829
71.37565
64.85068
85.21574
64.89735
116.4483
64.9529
143.2815
65.00053
165.695
65.0401
172.1062
65.08797
175.3081
65.14121
165.8917
65.18728
173.007
65.22991
170.8906
65.27583
162.565
65.32211
138.2597
65.36707
105.3208
65.40876
34.54571
65.46577
3.425541
65.51125
4.652274
65.55743
12.22384
65.6011
18.65303
65.6525
23.47584
65.69817
25.26606
65.74644
24.83572
65.79092
22.91381
65.83604
22.00384
65.87772
21.93676
65.924
20.66842
65.97886
21.29858
66.02602
29.70093
66.06747
24.59972
66.11442
55.84951
66.1723
7.271356
66.21321
19.95398
66.25836
19.48141
66.30441
21.98638
66.34961
23.15855
66.39227
26.08326
66.44818
28.27442
66.49307
29.41726
66.53876
28.20539
66.58626
25.89077
66.63627
24.5877
66.6928
26.69519
66.73753
52.3354
66.78139
24.17259
66.82787
25.8764
66.88378
14.95672
66.92899
17.17393
66.97605
19.74873
67.01607
68.54684
67.06032
167.1237
67.10552
142.4693
67.15128
82.15537
67.20596
71.87462
67.25261
23.55476
67.29849
21.08967
67.34322
36.94949
67.38593
73.63979
67.44039
116.8068
67.48407
104.5496
67.53284
99.68253
67.5763
108.897
67.62207
104.6109
67.66567
106.3551
67.71989
94.17603
67.76804
143.7869
67.81319
150.178
67.85637
120.6227
67.901
139.5411
67.94464
1.409866
67.99049
46.98063
68.04462
84.65549
68.08782
62.71556
68.13242
107.518
68.17726
114.1789
68.23351
115.2139
68.2799
120.329
68.3237
117.4807
68.37238
118.9245
68.41316
121.9652
68.46135
121.346
68.51335
124.1226
68.56136
125.209
68.60532
125.5989
68.64663
128.7515
68.69222
126.4807
68.74652
129.2316
68.79801
128.9229
68.83895
130.8625
68.88435
131.4856
68.92827
130.7437
68.98569
131.2221
69.0271
130.2843
69.07106
132.7027
69.11907
133.0883
69.16578
131.5671
69.20763
134.3117
69.2606
130.4126
69.30972
127.8681
69.35408
125.4288
69.39765
119.9091
69.44271
117.355
69.4954
112.0302
69.54329
110.956
69.58735
108.8026
69.63027
106.8308
69.68967
106.3745
69.73052
106.1172
69.77462
107.0739
69.82223
107.8101
69.86617
107.9202
69.91042
120.5539
69.9679
129.7923
70.00936
135.1752
70.05661
135.0936
70.0992
134.3443
70.14596
134.4142
70.19913
134.059
70.23619
134.7786
70.28822
133.9541
