0
166.0219
0.7828199
9.851535
0.8280761
9.918694
0.88344
9.906116
0.9288924
10.28073
0.9743807
10.30849
1.017846
10.26855
1.062306
10.3016
1.108014
10.29423
1.155312
10.37468
1.20054
10.335
1.245595
10.30015
1.290322
10.28733
1.346173
10.38355
1.390774
10.47061
1.437244
10.36172
1.480266
10.47488
1.524921
10.42894
1.581084
10.66051
1.625443
10.61222
1.670048
10.60486
1.714733
10.429
1.759452
10.37712
1.815337
10.463
1.860031
10.43575
1.904697
10.447
1.94931
10.3646
2.005177
10.23366
2.038652
10.06214
2.094597
10.11692
2.139268
10.07784
2.183853
10.32887
2.231328
10.27942
2.284379
10.03317
2.32909
9.507624
2.378026
8.287521
2.418402
6.712823
2.463158
5.367355
2.507845
4.238175
2.563741
2.749796
2.608292
0.923021
2.652982
0
2.697798
0.7945082
2.752563
1.213859
2.797292
1.501808
2.842083
1.719422
2.886664
1.710292
2.942316
1.458576
2.986985
1.148588
3.03169
0.6661724
3.076267
0.1823843
3.120914
0.261696
3.165631
0.6032831
3.210401
0.9121451
3.254986
0.8197219
3.310921
0.2601963
3.355487
0.2980514
3.400188
0.06852804
3.445547
0.199792
3.49042
0.6158028
3.54666
0.9962258
3.591221
1.280236
3.635952
1.512714
3.680683
1.524312
3.725397
1.444285
3.77003
1.40486
3.814658
1.5211
3.870511
1.568104
3.915194
2.012951
3.959888
2.220437
4.004633
2.58475
4.060432
2.803724
4.105122
3.103371
4.149801
3.404098
4.194538
3.340761
4.250357
3.468651
4.295163
3.301916
4.339704
3.249079
4.388692
3.108917
4.428987
3.18549
4.480705
3.126874
4.536473
2.995325
4.581151
2.799253
4.616133
2.883033
4.670501
3.015127
4.726609
3.164278
4.760149
3.630492
4.808684
2.013923
4.861111
1.242538
4.895225
1.761587
4.952282
1.170359
4.986227
0.7674484
5.042155
0.9514161
5.086686
4.074148
5.131377
6.202639
5.176197
5.25941
5.221154
0.9377435
5.27708
5.156473
5.321713
4.059798
5.366343
4.511105
5.411283
3.92361
5.466887
1.809375
5.51159
1.496325
5.556254
0.09691329
5.604121
0.6676395
5.645863
0.6000308
5.690795
0.06852804
5.735746
0.1251145
5.791767
0.5162413
5.836413
0.2074791
5.881085
0.4092611
5.925762
1.637216
5.98162
2.554049
6.026272
1.722947
6.070973
0.07661668
6.115664
1.28527
6.171583
2.790077
6.217232
3.451336
6.261024
4.964911
6.305587
6.140344
6.35022
5.600877
6.395104
5.072577
6.439639
6.120421
6.49544
7.199908
6.540163
7.194539
6.584785
7.230634
6.62952
7.217979
6.685349
7.378313
6.730069
7.392288
6.774676
5.36341
6.819328
6.024866
6.864133
6.895546
6.919902
5.621868
6.964551
6.113017
7.013421
6.366889
7.0543
8.896602
7.098588
10.42181
7.154471
11.15687
7.199183
9.567826
7.243829
9.006517
7.288529
8.194051
7.333168
4.71235
7.389072
1.511679
7.433716
2.707977
7.478517
1.661186
7.523046
2.624803
7.567819
1.29528
7.616661
3.817365
7.66834
5.268902
7.712956
9.121906
7.757615
12.27364
7.802408
10.95327
7.847088
11.35619
7.891632
11.64804
7.936411
11.43182
7.99218
10.14106
8.036919
11.68741
8.08154
10.08301
8.126289
9.712944
8.170972
11.82405
8.227612
14.82714
8.271415
20.09546
8.316179
20.49133
8.360826
21.479
8.405527
19.44995
8.461447
20.07585
8.505998
20.30834
8.55068
18.63865
8.595339
18.76564
8.640062
17.23412
8.684745
15.25346
8.728567
14.72421
8.784233
11.79465
8.832999
10.13492
8.873517
6.142099
8.918216
2.887443
8.962866
3.337888
9.018717
3.377654
9.063358
4.054488
9.108056
3.062668
9.152749
1.679929
9.197427
1.441708
9.24299
2.143658
9.298179
0.858206
9.343184
1.368879
9.388039
0.01978234
9.43579
0.07912937
9.488969
1.990168
9.522445
3.125872
9.578301
2.940514
9.622996
4.227904
9.667716
6.582996
9.72358
6.765643
9.76821
4.843268
9.812846
2.223168
9.857568
1.736298
9.902224
3.655966
9.946889
4.090745
10.00284
3.318948
10.30441
2.791269
10.31567
2.429305
10.32679
2.555429
10.33793
2.461959
10.34915
2.241055
10.3603
2.163561
10.37146
2.035286
10.38261
2.062699
10.4161
3.110868
10.47226
4.201651
10.51656
4.830915
10.56123
9.059852
10.60592
10.31025
10.65065
6.618677
10.69542
8.146832
10.75116
7.183132
10.79585
7.441126
10.84474
6.030459
10.88526
6.605152
10.92989
4.012882
10.98573
0.3901695
11.03041
1.27057
11.0752
0.03426402
11.11976
0.315279
11.16444
1.571968
11.20832
2.387451
11.26417
4.841367
11.30884
5.710108
11.3535
7.928924
11.39819
6.800658
11.45406
1.146201
11.49873
1.196485
11.54371
1.89713
11.58785
3.71051
11.63261
7.086705
11.68843
4.462298
11.73306
1.871371
11.77771
0.8767033
11.82241
1.460721
11.86713
2.914972
11.91185
5.770577
11.96793
6.803714
12.01302
5.407801
12.05797
5.323291
12.10276
2.249511
12.15852
0.3432113
12.20323
0.0656106
12.25211
0.1907741
12.29304
0.4284154
12.33726
1.035143
12.38206
2.456706
12.43781
1.048105
12.48306
3.596572
12.52726
2.969002
12.57182
3.02705
12.61661
5.117033
12.66146
4.473389
12.71709
5.120286
12.76176
1.690265
12.80638
0.05233916
12.85604
0.8908735
12.9069
1.018564
12.95158
1.088585
12.99638
1.790894
13.04102
1.563855
13.09685
1.321306
13.14157
1.398718
13.18624
1.847162
13.23107
1.263156
13.28672
0.4805128
13.3314
0.9761857
13.37605
0.6122975
13.42094
0.4727124
13.46535
0.4829499
13.50916
0.906766
13.56509
0.06255726
13.60935
2.239657
13.6541
1.356096
13.69849
4.211474
13.74325
2.473539
13.78794
2.097978
13.84371
3.393499
13.88851
6.188145
13.93305
6.142737
13.97781
6.351966
14.02242
6.606102
14.07037
6.538071
14.11267
7.187145
14.16875
2.186238
14.21386
1.209499
14.2586
3.196227
14.30316
1.797874
14.34787
0.5702693
14.39252
2.071504
14.44837
0.9061184
14.49311
5.432891
14.53773
3.509727
14.58241
3.977295
14.6383
5.628035
14.68288
6.500743
14.72773
6.663326
14.77231
7.559825
14.82821
7.651553
14.86172
9.184273
14.91762
8.629079
14.96217
4.076262
15.00685
4.722192
15.05161
3.316883
15.10739
3.626174
15.15205
3.640671
15.19679
5.160233
15.24143
2.432767
15.2863
0.01978234
15.34196
0.6829963
15.38671
1.294373
15.43144
1.023738
15.48025
1.638531
15.52065
1.49161
15.56531
2.103661
15.62125
2.447846
15.666
2.719806
15.71056
2.998199
15.75531
4.024771
15.79993
5.750809
15.84457
6.543197
15.90043
5.915529
15.94515
3.550107
15.98977
3.62477
16.03448
2.858211
16.08349
4.221971
16.12382
5.628452
16.17978
1.475384
16.22441
0.6138933
16.2692
0.1083524
16.31372
2.205135
16.36955
2.672177
16.41423
4.379135
16.45893
2.189905
16.50366
2.338164
16.54827
1.323378
16.6043
1.171362
16.64881
1.210469
16.69417
1.410698
16.73819
1.790784
16.79428
0.7735435
16.83871
0.6889865
16.8882
0.2102893
16.9281
0.3609945
16.97276
0.4432315
17.01743
0.04423466
17.0621
0.3620769
17.11789
0.9462603
17.16257
1.376293
17.20711
1.368307
17.2517
1.45804
17.29639
0.9569532
17.35235
0.6183397
17.39692
1.223493
17.45278
2.903533
17.48975
8.160749
17.5303
10.49184
17.5749
10.99857
17.61942
10.62344
17.67527
8.438919
17.71989
8.563368
17.76459
10.31548
17.80933
14.13857
17.86515
5.176118
17.90978
2.480334
17.95469
5.363849
17.9999
7.691691
18.04496
7.530226
18.10086
3.264468
18.14562
2.382281
18.19026
4.076694
18.23496
4.552942
18.27962
4.198153
18.33546
4.184509
18.38013
5.46533
18.42513
5.476971
18.46949
6.343256
18.5254
5.597062
18.57004
5.236336
18.61473
2.581568
18.65943
2.14375
18.70414
2.285247
18.76021
4.590005
18.80457
8.830954
18.84932
6.503367
18.89812
5.447732
18.93862
6.004169
18.99456
8.351483
19.0392
8.653081
19.08419
7.089445
19.12854
5.059815
19.18444
1.578428
19.22908
4.691436
19.27371
1.826278
19.31844
5.009185
19.36309
6.422572
19.41898
3.394364
19.46376
3.350651
19.50829
1.339837
19.55269
2.000858
19.59717
2.295928
19.65302
2.026034
19.70181
0.4897892
19.74241
0.450674
19.78705
0.3177519
19.85411
5.761025
19.90279
2.68533
19.94352
3.702269
19.9885
4.301839
20.03321
4.465106
20.08915
0.03426402
20.13383
2.081213
20.17852
2.542528
20.22315
3.073771
20.26781
6.010663
20.3125
1.725671
20.3684
0.5549665
20.41308
0.4727124
20.45772
3.679031
20.50653
3.824591
20.55827
0.8976567
20.60294
1.87179
20.64761
2.890425
20.69237
4.568618
20.74817
1.119775
20.79307
1.108182
20.83751
0.2406627
20.8823
0.5668277
20.92686
0.2365626
20.97155
1.210146
21.01622
0.1203313
21.07207
1.812509
21.11676
4.105273
21.16158
0.7488656
21.20608
1.160958
21.26203
1.692001
21.31095
3.277097
21.35144
1.860674
21.39607
1.613254
21.44072
1.370593
21.48535
1.242223
21.53006
0.844183
21.58589
0.1678588
21.63055
1.61374
21.67522
3.155108
21.71987
4.328843
21.77582
5.082802
21.80938
5.020203
21.8652
3.856661
21.91417
3.720523
21.95453
3.944368
21.99923
3.340937
22.05502
3.208271
22.0997
2.365213
22.14443
1.781801
22.18908
1.214665
22.2338
0.5059038
22.2896
0.1312212
22.33435
0.2255535
22.37895
0.1968319
22.42362
0.3990945
22.46832
0.7324861
22.52524
0.6036074
22.5692
0.8093922
22.61371
0.6760855
22.6582
0.4913847
22.70298
0.6036074
22.7588
0.4760123
22.80341
0.4125943
22.84822
0.2176059
22.89273
0.05233916
22.93744
0.1948336
22.99331
0.1186941
23.03797
0.4392403
23.08263
0.4015385
23.12739
0.1958353
23.17209
0.6305605
23.22787
0.7558876
23.27254
5.08731
23.32146
9.479153
23.3621
13.5131
23.41775
16.90572
23.46243
23.85513
23.50713
27.4419
23.5518
28.31277
23.59661
29.8583
23.64123
29.56697
23.69706
25.57757
23.74171
20.47828
23.78634
17.67466
23.83104
18.09537
23.87574
16.67135
23.93159
10.85674
23.97527
7.343741
24.01998
5.736204
24.06467
3.887057
24.10946
4.0556
24.16517
0.3921704
24.20987
0.589503
24.2545
0.8308656
24.29922
1.07829
24.34417
0.03956468
24.4001
0.1083524
24.44463
0.08156469
24.48931
0.07912937
24.53413
0.8432553
24.5793
1.686556
24.62409
4.086962
24.66912
6.446858
24.72879
0.7140896
24.76929
0.5702693
24.81428
0
24.85872
0.6661724
24.91457
1.738888
24.9592
3.709138
25.00385
3.526478
25.04867
2.886562
25.08972
3.624878
25.14917
2.584902
25.19027
4.306844
25.23501
4.82162
25.27959
6.383589
25.34347
7.255284
25.36909
8.737949
25.42483
11.26998
25.47073
12.11245
25.51591
6.75758
25.56065
8.514607
25.61655
8.346097
25.66216
5.907836
25.70585
6.518847
25.75177
6.797745
25.79697
5.579
25.85277
5.06794
25.8975
6.096447
25.94643
5.215189
25.98687
4.870133
26.03149
4.036238
26.08733
2.125504
26.13205
3.446454
26.17566
6.037639
26.22034
4.161089
26.26499
4.025209
26.32086
5.052957
26.36562
3.97084
26.41031
2.568646
26.46605
1.62558
26.51074
1.505062
26.55546
0.7415132
26.60008
0.4805128
26.6448
0.5267473
26.70071
0.01978234
26.74833
0.08392937
26.7903
0.6068404
26.83534
0.8906538
26.88025
2.54068
26.92519
3.384429
26.96976
3.277755
27.01443
4.08677
27.05912
4.458302
27.115
2.393265
27.15962
1.792423
27.21549
3.426399
27.24931
4.48943
27.29368
3.893701
27.35368
5.673885
27.39431
6.921553
27.4389
8.489892
27.48421
8.037707
27.53948
8.866054
27.58417
9.287069
27.62878
9.519855
27.67354
4.413041
27.71822
5.354452
27.76277
4.234107
27.81872
4.444088
27.86343
4.132422
27.90802
4.231516
27.95697
4.830794
27.99738
4.871139
28.05325
4.930223
28.09799
3.003353
28.1426
0.9516218
28.18731
0.6311808
28.232
3.187149
28.2879
4.910674
28.33254
6.809506
28.37718
6.598528
28.42216
6.859784
28.46657
6.219589
28.5113
5.28739
28.5675
2.608946
28.61173
1.601567
28.65651
0.8862489
28.70107
2.033266
28.76134
1.308059
28.80169
0.7710097
28.84632
1.450639
28.89107
2.588382
28.94691
1.928134
28.99157
1.644134
29.03618
0.5961047
29.0809
1.265168
29.1256
4.351497
29.17032
4.552512
29.22609
5.38365
29.27091
5.650867
29.31542
5.796875
29.36466
6.353231
29.40482
5.858927
29.44946
5.449746
29.50531
3.98546
29.55003
4.379762
29.59468
5.218081
29.63942
4.707484
29.69526
4.740988
29.73997
6.092168
29.7848
5.393832
29.82922
5.013916
29.87391
4.943992
29.91859
3.519475
29.97481
0.2298502
30.01917
0.5428462
30.0638
1.516719
30.10853
0.2281412
30.15325
0.2954137
30.19789
0.4401304
30.25378
0.6074851
30.29851
0.4953507
30.34305
0.07912937
30.38774
0.02797646
30.44308
0.2255535
30.48814
0.25101
30.533
0.09278741
30.57697
0.3238513
30.62169
0.4652019
30.66583
0.220287
30.72169
0.4297835
30.77036
0.06255726
30.81109
0.3071049
30.85548
0.8842595
30.91179
3.526867
30.95602
1.405138
31.00071
0.6644077
31.04537
0.4092611
31.09004
0.660568
31.13488
1.165333
31.19085
1.328249
31.23613
1.759919
31.28118
2.221406
31.32604
2.760028
31.37445
3.245944
31.4266
6.278572
31.47138
6.353911
31.51596
4.592096
31.56065
3.493679
31.60528
4.145576
31.65001
3.399724
31.70595
2.332968
31.7505
1.404721
31.79513
3.307485
31.83988
3.161183
31.88452
0.8989637
31.92933
1.486221
31.98505
1.181012
32.02974
1.214665
32.07439
2.075563
32.11909
3.102929
32.16376
4.404333
32.21966
4.669002
32.26439
4.398103
32.30899
5.832707
32.35366
7.488285
32.3984
7.56447
32.44298
5.895348
32.49883
4.54019
32.54351
4.75971
32.58854
5.120095
32.6552
3.937709
32.70004
5.943364
32.74442
8.46798
32.78888
5.371296
32.83286
5.33311
32.88872
6.858182
32.93348
5.178995
32.98214
3.793231
33.0228
2.468945
33.06743
0.587175
33.12328
0.2211734
33.16799
0.3620769
33.21299
0.5263757
33.25766
0.5101407
33.30249
0.902006
33.34708
0.9505931
33.4033
0.6909717
33.44836
0.2741124
33.493
0
33.53763
0.6696879
33.5865
0.9091367
33.63822
0.842791
33.68283
0.8173313
33.72751
1.068628
33.7723
1.414439
33.82804
1.345666
33.86161
1.205447
33.91742
1.088585
33.96215
0.7099674
34.00716
0.1582588
34.05143
0.311533
34.10736
0.3127867
34.15216
1.201056
34.19674
2.804911
34.24149
2.397187
34.286
0.4449939
34.33078
0.4784724
34.39082
1.010463
34.43142
0.1398823
34.47591
1.480152
34.52055
1.856356
34.56525
4.374884
34.62119
5.84382
34.66579
7.482229
34.71096
8.672559
34.75514
7.991905
34.81122
8.583138
34.85583
6.840858
34.90041
5.487159
34.94508
5.500144
34.99424
5.322849
35.03505
5.456395
35.09026
5.124762
35.13492
5.97842
35.17969
5.899303
35.2243
6.035496
35.26898
5.076052
35.31361
4.362915
35.36956
3.294615
35.41417
1.139695
35.47002
0.3032579
35.50359
0.4121198
35.54823
0.302612
35.60404
0.4334104
35.64873
0.6952065
35.6934
0.6437659
35.7381
0.1988102
35.7828
0.220287
35.83901
0.220287
35.88331
0.5712977
35.92817
0.8791551
35.97265
0.7715172
36.01732
0.6467983
36.07319
0.6327289
36.1179
0.6737661
36.16262
0.6410245
36.20739
0
36.2519
0.4571402
36.29667
0.132704
36.34127
2.21576
36.40159
3.71631
36.44189
0.3753442
36.48701
0.4029978
36.53117
2.605492
36.58709
2.797714
36.6305
1.117501
36.67519
0.3202056
36.71986
2.149494
36.76451
4.23568
36.815
5.564261
36.86501
6.719978
36.90973
6.701039
36.95432
5.836335
36.99908
7.394464
37.05489
6.471054
37.09956
3.849292
37.1442
2.602485
37.18911
1.609003
37.23433
0.5211454
37.27944
1.962241
37.33545
1.632308
37.38006
2.62905
37.42482
2.532578
37.46943
1.156229
37.51409
1.36444
37.56992
1.286183
37.61898
3.231073
37.65936
3.854833
37.70415
2.282505
37.74866
1.821449
37.80455
1.471666
37.84921
0.02797646
37.89388
0.5944612
37.93855
0.429328
37.9833
0.8395343
38.03913
1.693735
38.08376
0.8336869
38.12869
2.397187
38.17316
2.874942
38.22201
2.736237
38.27365
2.42277
38.31835
2.233444
38.36304
2.088348
38.40771
1.604009
38.45243
2.219467
38.4971
2.885951
38.55292
3.527699
38.59761
3.880956
38.64227
3.611783
38.68694
0.4528397
38.73125
1.022782
38.77583
2.840555
38.83167
2.07999
38.87624
1.360131
38.92095
3.129815
38.96571
4.249989
39.01038
7.057858
39.05505
6.4492
39.11086
9.379994
39.15564
10.52585
39.19995
8.623636
39.24479
6.261561
39.28933
5.113853
39.33431
5.945739
39.37868
6.843896
39.43459
8.08148
39.47926
8.117983
39.52393
7.01459
39.56876
8.529172
39.628
8.980979
39.66988
8.385203
39.71457
5.574185
39.75931
3.445942
39.80392
2.43767
39.85976
0.6138933
39.90451
4.842257
39.94912
2.548295
39.99387
2.387861
40.03859
4.000712
40.09438
3.004721
40.139
3.346675
40.18376
2.688317
40.23269
2.275033
40.27309
2.01227
40.31775
2.419051
40.36245
2.465851
40.41828
2.559026
40.46297
2.453995
40.50773
2.862181
40.55231
2.604139
40.597
2.489943
40.65285
2.730938
40.68643
2.269865
40.74225
2.854922
40.78693
3.300848
40.8354
3.056078
40.88747
2.743738
40.93224
2.73824
40.97684
3.286106
41.02155
2.293199
41.06614
1.574331
41.12201
0.6268256
41.16665
2.036439
41.21138
2.657044
41.25603
6.887036
41.30075
4.151289
41.35656
3.244315
41.40131
4.233274
41.44654
2.365461
41.49061
0.9819816
41.53534
1.793842
41.59119
1.367306
41.63911
3.476657
41.68053
5.080335
41.72524
1.742935
41.76984
1.058879
41.81452
0.6626383
41.87037
0.02797646
41.91516
0.9753835
41.95971
3.750976
42.00437
4.369688
42.04916
0.8151737
42.10508
2.817584
42.14959
2.218673
42.19438
1.249605
42.24343
0.2017412
42.28365
1.586836
42.33948
0.9507989
42.38418
1.512455
42.42894
1.355086
42.47371
0.05233916
42.51823
0.03956468
42.57407
0.07661668
42.61872
0.1480375
42.66395
0.1780411
42.7081
0.9170658
42.75301
0.6852845
42.79743
0.717643
42.85332
0.3805216
42.89796
0.05934703
42.94308
0.1170339
42.98732
0.14537
43.05432
0.03956468
43.08794
0.1398823
43.13253
0.1119058
43.17723
0.3374619
43.22198
0.3426407
43.26661
0.1312212
43.32249
2.102172
43.3702
6.357767
43.41177
8.465824
43.45663
10.44924
43.50122
13.71871
43.55706
13.31174
43.60176
16.50273
43.65071
15.31125
43.69104
17.98798
43.73573
22.45662
43.79153
23.7684
43.83632
24.16133
43.88091
20.80871
43.92567
17.25923
43.97043
14.81157
44.02619
14.66459
44.0708
14.68316
44.11548
14.38324
44.16019
15.75382
44.20495
16.13937
44.26089
16.28334
44.30549
17.37571
44.35004
18.19997
44.39516
19.71453
44.43953
19.58963
44.48422
19.71926
44.52876
20.13625
44.58471
18.70432
44.6293
16.69267
44.67429
15.95956
44.71779
14.28845
44.77385
12.54898
44.81821
12.57139
44.8637
13.62157
44.90767
13.68197
44.95232
13.36632
45.00805
14.12457
45.05687
12.28797
45.09422
11.93533
45.14979
13.41542
45.19427
10.16353
45.25028
8.090755
45.28381
7.432393
45.34014
6.006781
45.3841
4.983933
45.42918
3.937212
45.47662
4.475228
45.5293
4.605471
45.57479
4.347985
45.60941
4.068327
45.65589
4.004969
45.70107
2.089472
45.75688
2.487269
45.80156
5.192483
45.84644
2.251772
45.90265
9.656773
45.9474
7.164974
45.98084
4.586078
46.0367
6.690437
46.08139
7.550085
46.12607
10.43681
46.17083
6.963312
46.22662
4.765099
46.27559
0.9594038
46.31604
3.927402
46.36066
6.003549
46.4053
3.151508
46.46117
3.761975
46.50584
0.5993783
46.55053
5.199121
46.59519
3.092881
46.63988
1.544083
46.68451
2.900295
46.72926
2.637598
46.78524
3.604566
46.82976
3.091552
46.87879
3.453151
46.91916
4.156851
46.97496
6.116929
47.01963
5.334653
47.06437
4.186755
47.10868
5.709662
47.15396
5.36834
47.19797
7.389421
47.25389
8.704728
47.29855
5.871626
47.34321
4.781884
47.38791
3.372549
47.44376
4.721694
47.48837
3.483015
47.53303
1.560598
47.57778
3.826996
47.62239
4.342441
47.68079
3.094527
47.72296
3.053322
47.7676
2.025937
47.81227
1.493052
47.85719
2.110256
47.9019
1.862776
47.9468
1.963537
48.00266
1.677014
48.04736
1.696506
48.09193
1.560723
48.14784
2.794283
48.18134
1.573709
48.2373
3.25564
48.28607
0.8915322
48.32653
1.267023
48.37123
1.326332
48.42704
2.348687
48.47173
2.283362
48.51647
2.082341
48.5612
3.835277
48.60577
2.040088
48.65047
1.335888
48.69521
1.066795
48.75097
0.8110828
48.79567
1.887926
48.84035
2.719734
48.88927
2.770292
48.92968
0.4739525
48.98554
0.6661724
49.03021
1.785093
49.07498
0.05595291
49.11999
2.520181
49.16439
5.4913
49.2089
2.87358
49.26483
1.439942
49.30958
1.828741
49.35427
5.79471
49.39914
5.750809
49.44359
2.758041
49.49936
3.856762
49.54394
7.78359
49.58873
9.145077
49.63332
4.54769
49.67803
5.08989
49.73386
4.247823
49.77841
4.789252
49.83429
1.936338
49.86781
2.36695
49.92361
1.958347
49.96807
2.628827
50.01272
2.034324
50.05737
1.232576
50.10202
2.602636
50.14671
0.5539077
50.20264
0.5885065
50.24727
1.005026
50.29484
0.3006659
50.33693
0.1545051
50.38189
1.537606
50.4265
1.801028
50.47111
0.5841681
50.52701
1.964633
50.57169
2.39441
50.61637
0.268341
50.66101
0.8383681
50.71694
0.4780633
50.76153
0.3140353
50.80621
0.06852804
50.85099
0.4592754
50.89984
0.3250574
50.95144
0.1643245
50.99613
0.7354187
51.04081
0.7922885
51.08549
0.1631294
51.13018
0.3090104
51.17482
0.360452
51.23071
0.06255726
51.27554
0.1813082
51.32014
0.2446942
51.36474
0.132704
51.40942
0.652521
51.45424
0.9052542
51.50994
0.6202354
51.5546
0.429328
51.59954
0.1384764
51.64397
0
51.6887
0.3039024
51.74456
0.1282043
51.78923
0.4489339
51.83385
0.8173313
51.87854
0.1101434
51.92338
0.06255726
51.9792
0.3000144
52.02373
0.5888388
52.06841
1.32648
52.11302
1.957647
52.15677
3.119854
52.20144
2.675032
52.25732
3.821313
52.30491
3.324488
52.34674
6.099179
52.39133
6.78631
52.436
4.5395
52.49195
6.194194
52.53703
2.875555
52.5822
0.4334104
52.62702
1.320714
52.67205
2.393674
52.72812
3.387841
52.77279
7.564392
52.81682
12.12483
52.8615
14.4306
52.91736
7.471732
52.96204
6.966522
53.00668
5.389143
53.05138
3.46515
53.09606
2.132766
53.14074
0.7865875
53.18542
0.2832403
53.24126
3.534409
53.28594
0.1312212
53.33065
0.8357967
53.37529
0.7715172
53.42002
3.791682
53.47585
4.839829
53.52077
6.164624
53.56524
6.765672
53.60986
5.728613
53.65454
8.596057
53.71491
6.958268
53.75508
6.292858
53.79974
6.337566
53.84441
6.309319
53.88912
6.994314
53.93382
6.643903
53.98967
6.907908
54.03436
6.497877
54.07907
6.815092
54.12395
6.128487
54.17957
3.231618
54.22422
3.60956
54.26891
1.191405
54.31829
0.6068404
54.35834
0.8935054
54.41423
0.4320539
54.45899
0
54.50349
0.922597
54.54831
1.574331
54.59283
2.518394
54.64886
0.4698059
54.69334
3.077271
54.73806
3.592214
54.78279
2.039896
54.8274
1.739339
54.87212
3.233193
54.92109
3.282351
54.96146
3.561944
55.01735
2.463707
55.06197
6.313606
55.10682
7.85218
55.15143
5.892354
55.20731
4.06539
55.25184
5.460954
55.29654
5.596536
55.34128
4.226746
55.38594
4.653368
55.44175
2.56956
55.48654
0.5055169
55.53133
1.354075
55.57581
0.829923
55.62059
1.692001
55.67632
1.715206
55.7252
4.226468
55.76365
5.888028
55.81952
6.403064
55.85305
7.485611
55.90883
6.401227
55.95351
5.454382
55.99818
6.347149
56.04289
8.035925
56.08758
5.570739
56.14379
6.691697
56.18904
8.3181
56.24558
7.488023
56.29058
8.255403
56.34647
9.92339
56.39127
6.908306
56.43587
8.042884
56.48064
8.64352
56.52524
6.810428
56.58107
4.393781
56.6258
5.239553
56.67052
3.938057
56.71512
2.683288
56.7598
2.383595
56.80445
3.662014
56.86031
0.8623004
56.90498
1.540785
56.94972
2.681975
57.00552
0
57.05023
2.680587
57.09487
2.505225
57.14375
3.458702
57.1843
3.217593
57.2289
4.018344
57.28478
6.685129
57.32948
6.974346
57.37412
5.679685
57.41885
4.490477
57.47464
4.090219
57.51932
2.969661
57.56402
5.770781
57.60896
7.804164
57.65338
5.017041
57.70922
3.369994
57.75438
4.021657
57.79858
3.490988
57.84324
1.786736
57.88801
0.2315465
57.94835
2.775516
57.98848
3.422968
58.03318
4.351317
58.07785
4.232673
58.12248
6.681813
58.17763
7.525117
58.22234
2.1346
58.26701
4.138863
58.31168
4.731227
58.35662
4.798896
58.40154
5.506731
58.45689
5.907073
58.50183
7.535723
58.5495
4.645321
58.59111
3.375509
58.64697
4.760163
58.69256
1.589424
58.73683
0.5496522
58.78154
2.468865
58.82626
1.728277
58.8709
1.273954
58.9156
0.3000144
58.97155
1.14961
59.01621
0.454995
59.06087
0.5000685
59.10549
2.390401
59.15476
2.422366
59.19485
3.267465
59.25068
3.326431
59.29537
1.491872
59.34008
0.7674484
59.38468
0.3310224
59.44054
4.455401
59.48534
4.901249
59.52991
5.152025
59.57461
3.240269
59.61927
4.735283
59.66394
5.511711
59.72004
4.008096
59.76453
4.202536
59.80915
5.177973
59.85384
5.882766
59.89849
5.497613
59.94321
2.265722
59.99903
2.461561
60.04371
3.667677
60.08841
4.457467
60.13309
5.72413
60.17776
5.063647
60.23371
5.021958
60.27829
2.393756
60.32317
1.337937
60.36718
1.417065
60.41187
1.152839
60.45615
0.3483046
60.51193
0.7790887
60.56066
1.953344
60.60133
1.648414
60.64592
0.4601268
60.69065
0.8623004
60.74649
0.8318071
60.78002
0.590498
60.83622
1.81197
60.88095
1.725557
60.926
3.516916
60.97079
0.1907741
61.02673
3.664205
61.07138
2.950018
61.116
4.762755
61.16492
5.103882
61.20539
5.97258
61.26133
4.942486
61.30589
4.741319
61.35063
4.93062
61.39531
5.557601
61.43993
5.785638
61.49608
5.873863
61.54047
5.479511
61.58527
3.476488
61.62985
2.378828
61.67453
3.037122
61.71922
4.243902
61.77579
2.61202
61.81973
2.375617
61.86442
2.843999
61.90911
1.661657
61.95385
1.223973
62.00971
1.335448
62.0543
1.744731
62.09907
0.1532334
62.14369
1.664951
62.1884
1.528415
62.24421
0.2255535
62.28888
0.373777
62.33355
0.2654082
62.37943
1.076473
62.42306
0.9972074
62.46763
1.523157
62.52347
0.8430232
62.57253
0.8784871
62.61294
1.01914
62.65747
1.363292
62.70214
1.249605
62.75801
1.518782
62.8027
2.118679
62.84745
2.413949
62.89211
2.8205
62.94795
4.302248
62.99264
7.582246
63.03724
11.69376
63.08195
16.18055
63.12661
19.66446
63.1834
21.7184
63.22724
22.47263
63.27195
20.01084
63.3165
16.72329
63.36128
14.3893
63.40589
13.3493
63.4618
14.33842
63.50647
14.37179
63.55111
13.61708
63.59597
12.99144
63.64043
11.67518
63.69636
10.93832
63.74095
10.74525
63.78568
9.96786
63.83046
9.602386
63.87506
8.362363
63.93108
8.720306
63.98004
8.794775
64.02023
6.997651
64.06364
6.492503
64.10798
5.197311
64.16417
3.563263
64.20847
2.133592
64.25323
2.09097
64.29814
2.15613
64.34251
0.3090104
64.39152
3.611078
64.44368
8.83062
64.48884
15.35234
64.53365
22.55094
64.57838
29.87012
64.62302
37.6901
64.66769
46.95928
64.72353
56.54417
64.76831
64.0375
64.81321
71.37565
64.85799
85.21574
64.90265
116.4483
64.95846
143.2815
65.00321
165.695
65.04794
172.1062
65.09251
175.3081
65.14839
165.8917
65.1974
173.007
65.23775
170.8906
65.28246
162.565
65.32728
138.2597
65.37185
105.3208
65.41649
34.54571
65.47225
3.425541
65.51532
4.652274
65.56802
12.22384
65.61746
18.65303
65.66857
23.47584
65.71323
25.26606
65.75808
24.83572
65.81165
22.91381
65.83704
22.00384
65.89196
21.93676
65.93713
20.66842
65.99413
21.29858
66.02821
29.70093
66.07334
24.59972
66.11753
55.84951
66.17342
7.271356
66.22096
19.95398
66.26411
19.48141
66.30944
21.98638
66.35457
23.15855
66.39928
26.08326
66.45537
28.27442
66.49993
29.41726
66.54363
28.20539
66.58848
25.89077
66.64425
24.5877
66.70011
26.69519
66.74473
52.3354
66.78932
24.17259
66.83401
25.8764
66.88989
14.95672
66.93453
17.17393
66.97923
19.74873
67.02391
68.54684
67.06869
167.1237
67.11369
142.4693
67.15831
82.15537
67.21753
71.87462
67.25945
23.55476
67.30415
21.08967
67.34883
36.94949
67.39349
73.63979
67.44935
116.8068
67.49409
104.5496
67.53869
99.68253
67.58347
108.897
67.62816
104.6109
67.67273
106.3551
67.72861
94.17603
67.77334
143.7869
67.82207
150.178
67.86271
120.6227
67.90736
139.5411
67.95201
1.409866
67.99669
46.98063
68.0526
84.65549
68.09725
62.71556
68.14188
107.518
68.18657
114.1789
68.24245
115.2139
68.28739
120.329
68.33179
117.4807
68.37643
118.9245
68.42533
121.9652
68.46588
121.346
68.52179
124.1226
68.56641
125.209
68.61111
125.5989
68.65578
128.7515
68.70039
126.4807
68.75606
129.2316
68.80075
128.9229
68.84551
130.8625
68.8901
131.4856
68.93504
130.7437
68.99068
131.2221
69.03527
130.2843
69.08014
132.7027
69.12487
133.0883
69.16953
131.5671
69.2142
134.3117
69.27021
130.4126
69.31469
127.8681
69.35944
125.4288
69.40409
119.9091
69.4488
117.355
69.50471
112.0302
69.54931
110.956
69.59409
108.8026
69.63868
106.8308
69.69448
106.3745
69.73916
106.1172
69.78429
107.0739
69.8328
107.8101
69.87318
107.9202
69.91785
120.5539
69.97373
129.7923
70.01844
135.1752
70.06311
135.0936
70.10777
134.3443
70.15246
134.4142
70.2084
134.059
70.24209
134.7786
70.29765
133.9541
