0
166.0219
0.7797911
55.10497
0.8239281
51.25916
0.8805273
47.51949
0.9248723
44.92949
0.974465
42.9439
1.017606
41.007
1.062505
39.1802
1.107093
37.42986
1.167822
35.10313
1.207644
33.31806
1.252348
31.47063
1.297066
29.63971
1.353077
27.35486
1.386919
25.98695
1.433856
24.34612
1.476626
22.48974
1.521285
20.94408
1.57713
18.73838
1.621899
17.19133
1.666556
15.52124
1.711205
13.94668
1.75588
12.27647
1.811768
10.45346
1.856456
9.626678
1.901152
8.966836
1.945748
8.470972
2.001729
8.008199
2.03511
7.952927
2.090935
7.594607
2.135664
7.669717
2.180314
7.45451
2.22506
7.28645
2.280864
7.028251
2.325611
6.422083
2.374779
5.783063
2.414893
4.956933
2.470804
4.347489
2.514066
3.907256
2.569966
2.162565
2.614586
0.4702222
2.659306
0.3310224
2.703808
0.01978234
2.759626
0.7720242
2.793499
1.479094
2.849041
2.203359
2.893753
2.81202
2.94958
3.076762
2.994228
3.173422
3.038968
2.966561
3.084237
2.668145
3.129366
2.324311
3.163271
2.087879
3.20794
1.803417
3.252598
1.510384
3.308491
1.103049
3.353284
1.085524
3.397766
1.023355
3.442804
1.19403
3.487222
1.14978
3.543043
0.8980926
3.592703
0.5039662
3.632468
0.09278741
3.677084
0.0656106
3.72176
0.1186941
3.766471
0.1594904
3.813394
0.2517883
3.866951
0.3226406
3.914047
0.4054182
3.963467
0.4743652
4.011651
0.8629809
4.063728
1.095394
4.108407
1.478432
4.153136
1.888548
4.205956
1.981298
4.253649
2.210277
4.299306
2.252728
4.344937
2.316635
4.390687
2.184895
4.424503
2.26287
4.480329
2.052999
4.536283
1.925493
4.580985
1.680512
4.615015
1.762031
4.660132
1.911722
4.71591
2.209037
4.760808
3.537122
4.809702
3.126624
4.850089
1.341443
4.904566
2.132032
4.960602
4.658502
4.993986
4.551737
5.049775
5.095545
5.094474
0.9039564
5.139072
0.8568369
5.183857
0.1266688
5.228471
4.339327
5.284325
0
5.328978
0.7981939
5.373673
0.1735894
5.421391
0.5716401
5.474915
2.235371
5.519614
1.886993
5.564704
2.466407
5.598279
2.665576
5.654217
2.691519
5.687626
1.99704
5.732377
1.745292
5.788208
2.215672
5.832799
2.148674
5.877542
2.034805
5.922201
1.33031
5.978055
0.6926687
6.026678
1.662717
6.067511
2.916785
6.11216
3.827867
6.167957
5.480798
6.212763
7.305597
6.257368
9.940042
6.302052
11.99613
6.357919
12.033
6.391444
11.47319
6.436035
13.01801
6.491847
13.90901
6.536562
13.85168
6.581324
13.54389
6.629969
12.29817
6.681919
10.70236
6.726462
9.221407
6.771119
5.309986
6.815859
3.474066
6.860499
2.464898
6.916379
0.7324861
6.960995
1.724082
7.005733
3.338651
7.050375
7.477113
7.106198
10.3054
7.15088
11.70338
7.195881
10.96607
7.240178
11.49528
7.285028
11.54763
7.3297
8.108086
7.385453
2.215849
7.43469
1.057029
7.474913
0.7908052
7.519557
1.833123
7.564192
3.679989
7.60891
7.005496
7.664851
13.46909
7.709346
12.79914
7.754138
12.17986
7.798706
15.08144
7.843438
15.72424
7.888119
16.40907
7.932772
17.82173
7.988652
21.13941
8.037295
21.57452
8.078055
25.75486
8.122723
28.68204
8.167358
29.01576
8.22332
28.40712
8.267868
24.65806
8.312651
25.68815
8.357232
25.14544
8.40192
26.83131
8.457728
24.79305
8.512609
22.86398
8.557273
23.26444
8.601974
21.89313
8.64662
22.24256
8.691362
23.32809
8.736005
23.09933
8.791834
24.37442
8.840397
24.77595
8.881359
27.77504
8.925933
30.41746
8.970311
29.74744
9.026188
29.82484
9.070765
30.13371
9.115477
31.0925
9.160131
32.41189
9.20491
32.63518
9.249545
31.57854
9.305313
31.83911
9.350473
32.47911
9.395692
29.05384
9.429509
27.11741
9.485428
21.52668
9.518894
18.01532
9.574737
14.29123
9.619411
9.452199
9.664099
2.884255
9.72
2.636039
9.764632
3.858945
9.809393
2.553283
9.853992
2.237734
9.898914
3.835277
9.943309
4.242979
9.999181
4.287199
10.31194
4.447217
10.32318
0.4829499
10.33435
0.4869847
10.34556
0.3706227
10.35667
0.23239
10.36786
0.309643
10.3791
0.08156469
10.39024
0.07661668
10.4125
0.6342734
10.46843
1.210792
10.51304
1.0201
10.5577
4.156097
10.60239
4.877127
10.65823
0.9711614
10.69171
2.706531
10.74764
1.478697
10.79226
1.265168
10.85444
0.01978234
10.89151
0.5521386
10.93616
2.276065
10.992
6.243626
11.03677
5.881033
11.07013
7.908622
11.12608
10.58117
11.17071
14.80832
11.21533
20.02775
11.27122
26.30203
11.31589
30.31519
11.36054
35.45918
11.40522
37.20389
11.46401
35.02259
11.50579
35.20906
11.55092
36.87045
11.59608
37.27873
11.62993
35.70623
11.68589
41.03859
11.73057
45.02045
11.77532
47.25473
11.83108
51.13734
11.87567
53.89377
11.9094
58.28112
11.96512
61.99078
12.00999
62.20478
12.06999
63.46217
12.0992
60.68905
12.15505
59.43379
12.19967
58.88135
12.24443
58.12423
12.28908
56.59431
12.34494
56.75947
12.37845
57.58714
12.43434
55.43306
12.4789
57.57018
12.52362
56.51564
12.56828
56.34418
12.61302
58.38215
12.65764
57.72646
12.71353
58.32925
12.75816
54.89391
12.80285
53.1262
12.84755
53.54932
12.91454
50.43482
12.95922
49.07393
12.99274
47.4678
13.03743
46.54452
13.09331
45.62267
13.13803
44.78252
13.18262
43.68509
13.22795
43.7468
13.28317
44.02091
13.32798
43.56046
13.37251
44.00843
13.41718
44.10233
13.46188
44.16455
13.50662
43.90266
13.56244
45.40763
13.60707
48.19979
13.65178
44.96299
13.69641
42.02315
13.74118
43.30473
13.78591
42.78109
13.84164
40.5611
13.88631
36.7652
13.93106
35.65257
13.97572
34.20244
14.02037
32.64342
14.06511
31.31972
14.10979
29.51695
14.16555
33.09747
14.21025
33.15435
14.26615
29.55845
14.31081
30.3557
14.34446
30.80897
14.38897
28.59037
14.44486
29.77385
14.48952
36.39794
14.53421
34.57716
14.57912
35.28848
14.63472
37.57014
14.68281
38.85129
14.73482
40.31343
14.77961
41.87496
14.82406
42.52436
14.86777
44.78661
14.92369
44.86044
14.96831
40.06105
15.01297
39.59729
15.05772
36.80877
15.10227
35.54805
15.15819
33.7419
15.20285
34.98812
15.24807
31.74924
15.29608
29.30229
15.34967
30.21349
15.38306
28.33077
15.42774
28.616
15.4729
27.82683
15.52837
27.91032
15.56178
27.20499
15.61762
26.95903
15.66237
27.33749
15.707
27.93906
15.75173
27.79709
15.79637
26.40909
15.84124
25.74439
15.90109
26.22172
15.94166
27.83881
15.9863
26.7724
16.03091
26.48755
16.07572
24.01598
16.12035
21.58235
16.17615
24.52193
16.22091
24.4178
16.2655
24.26779
16.31028
25.75106
16.36605
26.03675
16.41077
28.30235
16.45537
27.20506
16.50414
28.54838
16.54474
28.54764
16.60088
27.02541
16.64533
27.48445
16.68998
27.62956
16.73464
27.51107
16.79048
28.8256
16.83523
29.18886
16.87938
29.90437
16.93524
29.89816
16.97966
29.68825
17.02441
30.04173
17.06906
29.64289
17.11373
28.78921
17.16952
27.78704
17.21426
27.22934
17.25889
26.38118
17.3065
25.65549
17.3485
23.69217
17.40445
20.28084
17.4494
18.28097
17.48308
18.7767
17.52773
12.90328
17.57244
8.478017
17.61702
1.587946
17.67297
8.889709
17.71749
11.89602
17.7624
11.28236
17.80702
7.489517
17.86279
15.85188
17.91167
18.10623
17.95216
14.4204
17.99682
11.14027
18.04159
10.38745
18.09737
13.42335
18.14211
13.35284
18.1867
11.02939
18.23144
9.995307
18.27612
9.708693
18.33192
8.495558
18.3768
4.371301
18.42131
0.5051297
18.46593
2.786215
18.52175
2.930845
18.56647
2.822859
18.61116
0.1297215
18.65586
1.583874
18.70055
2.115999
18.75641
0.7203645
18.80175
5.678649
18.84575
4.25846
18.89047
4.568618
18.93512
5.863008
18.99099
8.740151
19.03563
8.946876
19.08029
7.057163
19.12497
4.915458
19.192
1.241593
19.22589
3.242504
19.27017
0.5841681
19.31992
2.688535
19.3596
4.976656
19.41558
3.38888
19.46004
4.430316
19.50476
3.263508
19.54943
4.857647
19.59434
7.392181
19.65004
11.88383
19.69475
15.64946
19.73939
17.86381
19.79533
20.43304
19.85101
17.49221
19.89584
23.30541
19.94037
24.40143
19.9851
24.46827
20.02971
33.91597
20.0856
30.17539
20.13021
32.80302
20.1752
34.36103
20.21963
36.91796
20.26429
41.89188
20.30899
38.86493
20.36485
38.28752
20.40948
36.89126
20.45426
40.11713
20.50928
38.73553
20.56497
34.10337
20.60968
34.1128
20.65435
34.68987
20.69901
36.38876
20.74371
33.21852
20.79956
33.9083
20.84443
33.50651
20.88835
33.09143
20.93322
34.11587
20.97782
32.84969
21.02243
33.97514
21.07841
32.41632
21.12684
30.32957
21.16757
33.34081
21.21244
32.72968
21.2688
35.62201
21.3028
37.65319
21.34779
37.04888
21.39244
37.29045
21.44835
37.85264
21.48183
38.09404
21.53759
38.37682
21.58273
37.58752
21.62709
38.61621
21.6717
39.36539
21.71639
39.75762
21.77224
39.82801
21.80572
39.67385
21.86163
38.74757
21.90625
39.26828
21.95094
39.9445
21.9957
39.48075
22.05152
39.47089
22.09616
38.79221
22.14077
38.48745
22.19667
38.3709
22.23023
37.7754
22.28607
37.53172
22.33482
37.43991
22.37539
37.02362
22.42006
36.79558
22.46488
36.77393
22.5206
36.34709
22.56526
36.48836
22.61003
36.30766
22.65467
36.17069
22.69936
36.36785
22.75515
36.3556
22.7999
36.47311
22.84453
36.59479
22.88923
36.69739
22.93785
36.96902
22.98985
37.46756
23.0344
37.27126
23.0792
37.37835
23.12388
37.74293
23.16855
37.91627
23.2245
40.07038
23.26903
39.87698
23.31372
40.83142
23.35836
42.32728
23.41423
45.48213
23.45886
42.90403
23.50355
42.03366
23.54821
42.17657
23.60409
40.90245
23.64876
39.95045
23.69342
42.31336
23.73817
45.48612
23.78281
46.50562
23.82747
44.17555
23.88336
43.10217
23.92814
46.9636
23.97268
48.52981
24.01734
48.47914
24.06206
48.97178
24.11797
47.22323
24.16263
49.6631
24.20729
49.83445
24.25192
47.90573
24.2967
47.4366
24.34135
48.67908
24.39717
48.85814
24.44182
49.19738
24.48652
49.46665
24.53124
50.48089
24.58702
51.26863
24.62061
53.62296
24.6653
55.56977
24.72106
49.2884
24.76569
46.95564
24.82158
46.14021
24.86631
45.78713
24.91096
45.5312
24.96046
45.87534
25.01155
44.31184
25.04512
37.56181
25.08968
36.07429
25.14552
36.45647
25.19017
34.37059
25.2461
33.03716
25.27956
30.97176
25.3354
29.36288
25.36886
27.34966
25.42485
23.93198
25.46952
22.5315
25.51424
27.48685
25.56314
25.77316
25.61482
25.86601
25.65929
28.06015
25.70405
26.60532
25.74877
25.75155
25.79338
26.35412
25.8493
26.19846
25.89389
25.12137
25.93854
26.26842
25.98333
27.11469
26.02792
28.64952
26.08379
31.54089
26.12852
31.06543
26.17312
29.23847
26.21779
31.55738
26.26252
31.79507
26.31844
30.60947
26.37415
31.01699
26.40779
32.00243
26.47403
32.12552
26.51869
31.89071
26.56741
32.59742
26.60802
33.26836
26.65274
33.84194
26.70854
35.49013
26.75319
36.78376
26.79788
38.75135
26.843
40.55595
26.88746
43.72449
26.93208
45.65851
26.97633
45.96269
27.02112
46.70139
27.06574
46.58294
27.12156
43.61692
27.16885
42.08379
27.22207
42.57549
27.2556
43.0045
27.30035
41.62318
27.35673
42.82477
27.40206
43.84893
27.43537
45.36097
27.48013
45.00491
27.53608
45.95149
27.58052
46.35208
27.6252
46.61856
27.66989
41.51561
27.7259
42.1662
27.75946
40.93399
27.82637
40.15564
27.85979
39.7718
27.90435
39.75603
27.96026
40.52351
28.00486
40.89998
28.06073
41.81258
28.0942
40.74377
28.15016
39.62438
28.18368
38.20652
28.23959
35.90588
28.28427
34.27745
28.32903
32.62672
28.38472
33.2455
28.41834
33.53056
28.47421
35.48983
28.51881
37.2694
28.56369
40.86241
28.60819
42.78064
28.65286
46.09487
28.69755
48.13381
28.75342
46.23734
28.79817
47.96331
28.85333
48.26744
28.89791
47.36523
28.95385
47.92499
28.98788
47.66714
29.04302
47.0802
29.08774
47.41324
29.1327
48.82654
29.18211
47.73532
29.23301
47.44121
29.27761
46.75544
29.32248
45.82203
29.36686
45.39953
29.41143
44.14099
29.45604
43.29121
29.51193
41.47819
29.55661
41.74212
29.59008
42.59101
29.64601
41.97235
29.70201
41.83456
29.74711
42.94987
29.79215
42.0896
29.82583
41.69883
29.8816
42.02496
29.92662
41.07393
29.98631
37.75235
30.01558
38.61821
30.06024
39.86611
30.11609
38.61678
30.14962
38.21607
30.19421
38.61594
30.25012
40.1926
30.30597
39.31289
30.33989
39.96997
30.39528
40.2657
30.44003
40.87151
30.48474
40.7665
30.52938
41.0124
30.58914
40.75195
30.62992
40.58377
30.67492
40.73048
30.71926
40.30819
30.77524
40.65768
30.81979
40.41094
30.86446
41.78934
30.90918
44.78677
30.95382
43.47512
30.99848
42.04588
31.05434
43.46049
31.09912
43.62347
31.14381
44.08656
31.19267
41.5413
31.23232
41.03474
31.28812
40.23491
31.33253
39.16756
31.37729
37.80026
31.43316
33.6395
31.47777
32.5466
31.52243
33.31348
31.5672
33.20658
31.60063
31.66699
31.65659
30.94825
31.71293
31.04025
31.75715
31.12467
31.80203
28.48728
31.84702
28.00471
31.89182
29.64785
31.9368
28.62706
31.9816
28.75134
32.02623
31.22371
32.08205
32.74069
32.11559
34.35223
32.16017
36.84267
32.21603
38.60978
32.26069
39.30915
32.30541
41.74629
32.36123
44.68823
32.40642
45.73877
32.45083
44.39975
32.49534
43.09055
32.53995
42.72179
32.58472
42.67786
32.65168
40.99171
32.69635
42.82925
32.74106
44.80847
32.78571
41.59076
32.84153
41.29965
32.89736
42.52512
32.94216
40.50376
32.98689
38.79473
33.03143
37.47857
33.06494
34.61374
33.12089
35.44411
33.16553
36.38626
33.2101
35.77123
33.25502
36.72491
33.31066
36.6704
33.3554
36.18239
33.40441
35.84227
33.45593
35.31337
33.50058
34.5405
33.54526
34.35084
33.57874
33.88392
33.63462
32.96541
33.67928
32.52692
33.72403
32.37302
33.7798
32.39376
33.82455
32.25542
33.858
32.07484
33.91384
32.10874
33.95859
32.1455
34.01432
32.31628
34.04791
32.9709
34.10373
33.65178
34.14845
36.33325
34.19315
39.00244
34.24896
39.40072
34.2937
36.89727
34.32719
37.28315
34.383
37.31697
34.43883
38.01623
34.47242
39.36191
34.51701
39.32503
34.56171
41.5755
34.61755
42.95016
34.66225
44.68903
34.70691
45.99538
34.75166
45.51198
34.81169
46.04753
34.85106
44.31218
34.90687
42.12741
34.95136
41.74118
34.99598
40.91359
35.02948
40.53969
35.09648
39.27293
35.1412
39.59416
35.18587
39.03711
35.2305
38.92958
35.27538
37.90847
35.32004
37.59644
35.37582
37.11266
35.42365
35.5549
35.46605
34.92303
35.51085
35.45358
35.54454
36.49681
35.6004
36.27668
35.64515
36.34211
35.68984
36.9916
35.74568
38.63209
35.7792
38.51926
35.83508
39.5999
35.88004
40.11473
35.93558
40.55402
35.96909
40.41731
36.02913
40.38081
36.06968
40.35902
36.11429
40.23042
36.15897
39.98891
36.21489
39.05851
36.25953
39.27326
36.29306
38.40031
36.3489
35.92924
36.39357
34.54871
36.43821
38.29226
36.4941
39.63315
36.52757
42.14164
36.58344
42.95078
36.63264
42.04795
36.67282
41.65891
36.71756
40.76335
36.76217
39.48207
36.80685
38.49319
36.86274
37.294
36.91856
36.96075
36.95206
37.46429
37.00798
35.03803
37.05259
35.69309
37.09724
38.25273
37.14191
39.62817
37.18666
41.09823
37.23499
42.50033
37.28582
45.05947
37.34157
45.02009
37.38626
46.56313
37.43169
47.05743
37.47564
45.90948
37.52027
46.0719
37.57604
45.24905
37.6207
46.11392
37.65418
45.87378
37.71014
43.10434
37.75473
42.00153
37.81064
40.83884
37.8553
39.02038
37.90026
39.26649
37.94536
38.57495
37.99061
38.27694
38.03553
38.5843
38.08028
37.58665
38.13611
39.44077
38.18083
40.19061
38.22541
40.5169
38.27009
40.8173
38.3148
41.29639
38.35949
41.48008
38.41539
41.13652
38.46001
41.59632
38.49358
42.0459
38.54931
42.25238
38.59412
42.39686
38.63884
42.06901
38.69456
38.9352
38.72807
37.481
38.77271
41.4451
38.82885
40.81435
38.87329
40.16386
38.918
42.00688
38.97379
43.39416
39.00734
46.42665
39.05614
46.1912
39.10782
49.70102
39.15248
50.79711
39.20834
48.77461
39.25692
46.29482
39.28654
44.58359
39.3312
44.2788
39.37591
44.68795
39.43187
45.40882
39.47664
45.21921
39.52141
43.59505
39.57713
44.88513
39.62166
45.23347
39.66628
44.59434
39.71103
41.45294
39.76699
38.9116
39.80074
37.7588
39.8606
35.69322
39.90098
39.7456
39.95676
37.64017
39.99026
37.79014
40.0462
40.05616
40.09087
39.4018
40.13557
40.15591
40.18014
39.56998
40.22485
39.0048
40.26942
38.3348
40.32538
38.09258
40.35903
37.79848
40.41476
37.14235
40.4637
36.64809
40.5153
36.81515
40.55992
36.65682
40.59346
36.6357
40.64938
37.299
40.69395
37.26346
40.73867
38.2289
40.78329
39.03038
40.83922
39.20782
40.88388
39.26569
40.93974
39.88449
40.9845
40.62627
41.01804
39.69574
41.0737
38.91046
41.11848
37.94647
41.17284
39.46878
41.21747
40.27404
41.26613
44.86936
41.30695
42.611
41.36271
42.68571
41.40738
44.37516
41.4523
42.69594
41.49704
40.95746
41.54217
37.40495
41.5986
36.64159
41.63221
33.5007
41.67687
30.20326
41.73273
32.01211
41.76629
32.09451
41.81094
30.78176
41.87091
30.59276
41.91148
29.18717
41.96738
25.99243
42.00092
25.28317
42.04578
28.51675
42.10139
26.47124
42.14608
27.14722
42.19072
28.39558
42.24661
30.57474
42.28011
32.34481
42.33589
30.44792
42.38711
30.06416
42.43192
32.96609
42.48518
31.54527
42.52112
31.60605
42.57687
31.49453
42.62163
31.38147
42.66626
31.6606
42.71089
32.49549
42.75567
32.49871
42.80081
32.81312
42.85723
32.87582
42.89405
32.87213
42.94859
33.24572
42.99324
33.04337
43.06041
33.1442
43.095
33.31317
43.13953
33.28061
43.18483
33.49607
43.21832
33.37896
43.26302
32.39722
43.31887
32.29519
43.37478
32.87304
43.4083
32.77058
43.45296
29.7452
43.49774
27.97758
43.55344
21.4914
43.60933
19.58104
43.64283
16.83565
43.69188
16.69571
43.73219
19.40515
43.78802
19.31843
43.83274
19.44042
43.8774
16.21272
43.93322
13.01382
43.96695
10.17436
44.02262
8.053544
44.06731
6.261718
44.112
3.759996
44.16778
3.244979
44.21246
2.457582
44.25721
1.893309
44.30209
2.598722
44.35778
3.04266
44.40239
4.316519
44.4472
3.484083
44.49553
3.000549
44.53545
3.637335
44.59153
2.580278
44.63596
1.305513
44.68068
1.332955
44.72539
0.1384764
44.78135
1.588315
44.82594
1.896717
44.87033
1.221893
44.90385
1.516203
44.95971
1.878261
45.01554
0.7162784
45.06027
2.043635
45.10482
1.614467
45.14955
0.6516207
45.19423
1.594587
45.25016
2.318324
45.29769
1.242066
45.34003
1.277328
45.38508
1.223813
45.43002
1.316112
45.48585
0.2571706
45.51939
1.003467
45.56417
1.300858
45.61987
1.441029
45.65337
1.370879
45.70219
1.111884
45.75392
0.8941622
45.79863
1.784764
45.84338
1.035143
45.90344
7.023281
45.94379
5.293095
45.97728
3.776728
46.03313
7.22678
46.0778
8.198172
46.13377
10.73792
46.16736
7.194593
46.22302
5.148602
46.26772
1.218365
46.31243
3.457174
46.35714
4.794076
46.40176
2.125504
46.4576
3.101983
46.50667
1.245684
46.55814
6.420923
46.59164
4.122933
46.63634
1.971991
46.68109
2.749297
46.73698
1.840794
46.78175
2.370255
46.83734
0.6330382
46.88169
1.19861
46.91583
2.046123
46.98217
4.153599
47.02686
3.593685
47.07151
2.75385
47.11617
4.728742
47.1609
4.762549
47.20563
7.067496
47.25053
8.84118
47.30935
7.18152
47.35123
6.421197
47.3847
5.032287
47.44058
5.687409
47.4853
3.578835
47.52992
0.9589957
47.57462
2.86348
47.61923
3.312453
47.68627
2.487584
47.71979
2.80533
47.76447
2.497478
47.80915
2.366288
47.85384
3.042339
47.91381
2.590952
47.9544
2.572909
47.99903
2.253857
48.04369
2.383349
48.0884
2.685475
48.14433
4.26494
48.17775
3.149146
48.23375
1.78202
48.27832
0.2811602
48.32296
1.557585
48.36767
2.396697
48.42351
3.456494
48.46835
3.096234
48.52396
2.820222
48.5576
4.286834
48.60222
3.593576
48.64705
3.590033
48.69167
3.835583
48.74749
2.302058
48.7921
1.003662
48.83681
1.598019
48.88148
3.116213
48.92628
7.503495
48.98205
8.589085
49.02678
10.11363
49.07134
8.451336
49.1204
11.06021
49.1607
14.02722
49.20536
10.83505
49.26125
7.91289
49.30598
5.653815
49.36178
7.802479
49.40643
6.401992
49.44001
2.749582
49.49604
3.37429
49.54051
7.034891
49.58516
9.0861
49.62989
5.352658
49.67449
5.852098
49.73032
4.732055
49.78619
4.509324
49.81973
1.362287
49.8756
2.328349
49.92453
1.665187
49.96495
2.778829
50.00969
2.525535
50.05444
0.7388696
50.09905
2.789235
50.15491
1.271648
50.21073
0.3533245
50.24424
0.7311491
50.28884
1.803308
50.33348
1.944306
50.38938
0.7646385
50.43407
0.644677
50.46717
3.225615
50.53425
0.8096339
50.57888
0.2940859
50.62364
0.6849989
50.66824
0.913217
50.72811
0.1467098
50.769
0.289391
50.81347
0.3990945
50.85799
0.04423466
50.90265
1.110475
50.95846
1.139866
51.00321
0.3121605
51.04798
0.4484978
51.09251
1.295431
51.13716
1.177195
51.18186
1.154027
51.23815
1.467004
51.2718
1.363005
51.31655
1.91336
51.36118
1.711894
51.40598
2.226774
51.45052
2.532964
51.50634
2.178346
51.55111
1.783557
51.59573
1.28664
51.65158
0.8197219
51.68509
0.3753442
51.74087
0.23239
51.78579
0.2112177
51.84149
0.5116726
51.87497
0.2229358
51.93491
0.2668786
51.97562
0.796476
52.02021
0.04423466
52.06484
0.8764802
52.1097
2.188117
52.16541
4.826291
52.21005
5.886497
52.26601
9.52223
52.31064
11.24884
52.34411
17.39708
52.40011
25.44448
52.43365
25.79121
52.4893
33.3685
52.53829
34.0531
52.58986
35.88381
52.62336
35.7928
52.66806
37.28657
52.72407
38.27491
52.76857
35.33727
52.81326
31.70992
52.86872
30.60156
52.91341
38.08516
52.95807
39.42487
53.01393
41.79926
53.05882
44.4035
53.1033
46.86029
53.14791
49.75245
53.19269
52.03964
53.24774
50.65712
53.29243
55.13098
53.34092
56.57234
53.38198
56.34764
53.42627
58.86161
53.4822
58.91817
53.52687
59.14674
53.572
58.19063
53.6162
55.36327
53.66089
56.35872
53.71717
52.5089
53.75169
50.86515
53.8032
48.77699
53.84812
48.75099
53.89294
49.62348
53.9373
49.54927
53.99311
50.32777
54.03786
50.26691
54.08244
50.73952
54.12743
50.05472
54.18431
47.05266
54.22982
47.24254
54.27514
44.72081
54.31985
44.08209
54.36587
42.35573
54.42159
42.56589
54.45522
42.83768
54.51115
43.58559
54.55968
44.01958
54.60047
39.35772
54.65625
41.03223
54.68979
41.95549
54.74586
38.43698
54.79037
34.43613
54.8238
31.60388
54.87983
28.87438
54.91324
27.22737
54.96904
23.91166
55.01373
21.32337
55.05839
23.24633
55.10307
23.46339
55.14778
20.81822
55.20364
18.74475
55.25875
20.88855
55.30351
21.97355
55.34816
21.25633
55.39257
23.09229
55.44835
22.37206
55.49314
20.91476
55.5378
22.1191
55.57119
20.35043
55.62706
20.05224
55.68304
20.44668
55.72788
18.4362
55.77251
17.30627
55.82888
17.58535
55.86249
16.98246
55.90728
19.11216
55.952
21.42942
55.99673
22.22553
56.04132
22.70157
56.09715
28.06309
56.14187
28.71834
56.18655
29.24936
56.25383
31.36635
56.29833
31.38193
56.3429
30.76247
56.39884
34.98296
56.44354
34.32791
56.47703
34.24735
56.5329
37.59005
56.57743
41.06427
56.62223
41.78891
56.67818
45.19518
56.72284
48.21139
56.7564
49.61039
56.80104
49.34697
56.85676
52.63609
56.91293
52.46972
56.94615
51.23891
57.01311
53.66664
57.0578
50.81818
57.0913
50.96884
57.13597
49.60035
57.18066
49.2482
57.22531
47.35906
57.28119
42.76425
57.33727
40.24258
57.38164
40.1159
57.41556
40.10818
57.47109
39.23009
57.52696
39.75319
57.57599
36.37344
57.61663
34.10494
57.66105
36.67907
57.70572
37.94939
57.7616
36.5993
57.80619
36.742
57.8517
38.17961
57.8847
40.22746
57.94036
43.10958
57.98555
44.24172
58.041
45.74546
58.08551
46.13906
58.1301
49.13456
58.17896
50.3386
58.23072
44.26913
58.26416
46.35289
58.32023
46.14536
58.35355
46.36125
58.40931
46.70488
58.45403
47.20767
58.49891
49.66676
58.55461
48.42914
58.58805
47.83435
58.64392
50.96869
58.69976
49.08774
58.73336
48.26024
58.7891
46.16781
58.83381
46.95345
58.87842
47.22894
58.92308
47.96619
58.98298
49.06577
59.02362
47.31511
59.06828
48.34058
59.11305
45.46418
59.1567
45.49075
59.19008
51.25269
59.25723
51.58125
59.30189
47.30093
59.3467
48.56432
59.39099
49.0553
59.44703
44.07882
59.49162
41.8858
59.5363
38.97903
59.58352
38.25568
59.62565
34.17773
59.67027
30.97328
59.7267
30.09473
59.77188
28.19304
59.80563
25.83561
59.86143
22.90754
59.90612
22.55564
59.93964
24.78078
59.99546
22.25762
60.0402
18.46563
60.08486
14.95996
60.14067
11.87516
60.17418
12.20319
60.23012
9.145056
60.27481
7.996399
60.3195
4.187036
60.36409
0.5028
60.40873
0.6626383
60.46458
0.2281412
60.50928
1.346975
60.55399
3.61996
60.59859
3.891488
60.65449
3.77963
60.6992
4.789784
60.74397
5.681686
60.79288
6.676293
60.83324
8.502721
60.88909
10.53321
60.9338
12.70695
60.97851
10.40114
61.02312
7.799107
61.06776
9.969123
61.11256
9.234398
61.16839
9.541162
61.20194
9.028763
61.2686
9.828333
61.31318
9.692153
61.35788
8.107384
61.40241
4.875882
61.44699
1.444556
61.50192
2.613069
61.5465
5.327816
61.59121
5.102386
61.63597
4.957487
61.68057
6.311369
61.72536
8.203797
61.77052
7.515227
61.82405
8.723257
61.86726
9.358766
61.91206
8.0412
61.9567
7.175835
62.02065
6.038289
62.05713
5.511462
62.10251
2.362978
62.1464
0.7052664
62.19193
2.028254
62.24924
2.118402
62.29502
2.029701
62.34011
2.422932
62.38481
0.165511
62.43009
1.295884
62.47489
1.006194
62.53069
0.04423466
62.57549
0.166689
62.62493
0.09065409
62.66505
0.2859903
62.70979
0.2470816
62.75446
0.4515415
62.81026
0.7391344
62.85493
0.8760335
62.89966
1.134359
62.94436
2.523829
63.00015
5.118794
63.03394
8.950344
63.08954
8.215205
63.13422
5.747128
63.19008
0.3886621
63.23466
2.578685
63.26823
5.274069
63.32405
8.029302
63.36885
10.02542
63.41347
10.48475
63.45816
8.829774
63.5028
8.752145
63.55883
9.915282
63.60332
10.19524
63.6368
11.03303
63.70384
9.599068
63.74853
7.969522
63.79323
6.568712
63.83787
5.246355
63.88281
4.258322
63.92734
2.252467
63.97195
1.139866
64.03208
1.0752
64.07259
1.047171
64.11716
2.298484
64.16185
4.07107
64.20647
5.297054
64.26236
6.544156
64.30707
6.505387
64.35187
8.21382
64.39675
9.967466
64.44115
13.8482
64.48583
18.30645
64.54161
21.74503
64.58628
23.76645
64.63519
24.59143
64.67567
23.69782
64.72031
26.75496
64.77615
29.7167
64.82086
32.47187
64.86567
38.59531
64.91025
57.68883
64.95493
23.59038
65.01081
33.77713
65.04435
26.63823
65.1002
9.622306
65.14479
0.09065409
65.18948
4.071167
65.24439
2.167628
65.28909
5.449422
65.33366
29.77621
65.37836
62.91033
65.4231
133.2075
65.47894
162.5295
65.52355
170.7546
65.5682
178.3908
65.61333
175.9396
65.66972
171.5235
65.70332
170.1268
65.74804
169.9224
65.80383
172.1861
65.8484
174.1679
65.89316
173.6024
65.93787
174.7912
65.99371
174.69
66.04263
167.6321
66.08305
171.8404
66.12774
139.9244
66.17252
154.6543
66.21715
178.8524
66.26176
179.0071
66.31789
178.5483
66.36237
176.6411
66.40702
173.5202
66.45175
172.4355
66.49637
170.1624
66.55216
166.6599
66.5972
171.2977
66.65263
166.9115
66.70861
165.5905
66.75336
139.6705
66.7868
167.9223
66.84686
166.6848
66.88725
178.2531
66.93211
176.7147
66.97665
175.5168
67.0218
129.1438
67.07725
29.45987
67.12189
53.07453
67.16653
113.328
67.22243
123.7835
67.25583
141.2687
67.31178
144.3671
67.34525
128.7547
67.38993
92.33374
67.45956
49.11397
67.5003
61.2843
67.545
65.91491
67.58974
56.44349
67.63438
60.32776
67.6678
58.36277
67.73504
70.52902
67.77988
51.44777
67.82507
45.1674
67.87017
74.65684
67.915
55.54768
67.95957
166.4654
68.00426
147.9416
68.06435
109.9557
68.10484
131.8658
68.1495
87.03904
68.19414
80.50373
68.23882
79.63
68.29466
74.7402
68.33932
77.65527
68.38403
76.2524
68.42875
73.15815
68.4733
73.74125
68.5293
70.90948
68.56275
69.71957
68.6186
69.31355
68.66756
66.14256
68.70796
68.35988
68.7527
65.63101
68.79736
65.9604
68.8532
64.08894
68.89784
63.47827
68.94254
64.25313
68.99847
63.74277
69.04305
64.67736
69.07652
62.26486
69.13244
61.87198
69.17709
63.34626
69.22177
60.62275
69.27759
64.49193
69.32237
67.05965
69.36697
69.49274
69.41171
75.02874
69.4565
77.56036
69.51224
82.88068
69.55687
83.96963
69.60174
86.11375
69.64622
88.10063
69.6909
88.53947
69.74677
88.80137
69.79153
87.86054
69.83609
87.13702
69.88079
87.03439
69.92608
74.39964
69.97015
65.27312
70.02602
59.8303
70.07511
59.93589
70.11536
60.65823
70.16016
60.55504
70.20472
60.89089
70.24949
60.18596
70.30531
61.0093
