0
166.0219
0.7706708
2.621818
0.8144026
2.35468
0.8731887
1.924984
0.9153334
1.359555
0.961324
0.8618464
1.006411
0.2697954
1.04769
0.1713202
1.096207
0.4458725
1.149618
0.7532945
1.19481
0.8620735
1.236096
0.9425307
1.283636
0.8693066
1.340927
0.9000514
1.384155
0.9274623
1.433907
0.8746923
1.476267
1.059802
1.517885
1.128479
1.571708
1.599366
1.620517
1.7072
1.663184
2.289013
1.708028
3.104064
1.757621
3.747006
1.809218
3.888618
1.854069
3.60337
1.896744
3.223551
1.943192
2.948691
1.999484
2.781856
2.031338
2.561396
2.089097
2.315198
2.133367
2.429386
2.176419
3.423311
2.219658
4.275947
2.276601
6.244787
2.319453
8.162578
2.369223
9.539205
2.41258
12.06103
2.454386
13.9327
2.501202
12.428
2.559164
9.227415
2.600313
7.344943
2.648082
6.070409
2.690319
5.203453
2.750064
4.574445
2.790161
4.390793
2.834604
4.379941
2.878744
4.536564
2.935034
4.872586
2.979512
4.89929
3.024472
4.877609
3.070484
4.672273
3.114064
4.356175
3.159016
3.915417
3.204737
3.4911
3.250621
2.989764
3.305019
2.505303
3.349142
2.037497
3.393585
1.864456
3.435837
1.663188
3.484246
1.66095
3.538959
1.928235
3.585259
2.191246
3.628768
2.740526
3.672007
3.274827
3.715083
3.747999
3.762851
4.314523
3.808084
4.839829
3.865477
5.263768
3.907383
5.58374
3.953352
5.500179
3.997992
5.500571
4.051288
5.271394
4.097649
5.085693
4.142186
4.997477
4.190989
4.590475
4.244954
4.409444
4.287009
4.13247
4.332045
3.963435
4.37736
3.768995
4.421999
3.790339
4.464317
3.743922
4.521945
3.716205
4.569382
3.643466
4.612568
3.839767
4.658168
4.090123
4.709596
4.563513
4.757129
6.526333
4.802461
7.304522
4.848232
7.650476
4.890344
11.2273
4.947523
18.06061
4.978873
22.6528
5.0385
24.5093
5.078339
24.0332
5.12747
23.7459
5.172392
26.03358
5.216659
30.67999
5.272406
24.81547
5.313868
26.70184
5.359863
25.11958
5.411125
23.08302
5.461026
21.92385
5.505905
19.99297
5.548973
18.67282
5.598064
16.23943
5.638291
14.15741
5.685949
10.64407
5.732273
7.601839
5.785851
5.668494
5.828692
4.508934
5.873132
2.463071
5.919095
0.07401875
5.978061
1.503501
6.020239
0.4545648
6.062168
1.199426
6.108631
2.376111
6.163976
4.867799
6.207901
6.506834
6.253589
9.767426
6.300178
12.66775
6.343426
13.27952
6.386158
13.03348
6.434179
17.64617
6.490034
27.43227
6.531404
32.7885
6.574966
32.63992
6.625472
24.93532
6.676006
15.87068
6.721135
8.589588
6.770826
0.2422834
6.813662
4.430979
6.859203
8.136125
6.91078
13.92259
6.959515
17.7911
7.002224
19.81128
7.046524
17.30439
7.091527
14.94044
7.147492
12.65138
7.192864
12.29305
7.237435
9.910898
7.278891
7.635942
7.324467
8.442455
7.381671
12.53608
7.429759
14.49274
7.47188
16.06111
7.513598
16.29553
7.560109
18.63358
7.605682
13.47422
7.658963
7.831731
7.704446
5.830959
7.752325
4.013956
7.793802
7.562913
7.839489
9.304638
7.885882
11.23051
7.927956
14.43087
7.985643
17.76121
8.030809
20.93731
8.075431
26.03558
8.116573
29.45962
8.161687
28.46944
8.21791
24.64243
8.261732
21.37672
8.308926
19.65679
8.353966
16.47086
8.399492
15.2604
8.454276
9.38121
8.49619
6.44841
8.541917
4.084661
8.587136
0.2193969
8.633064
1.73201
8.674904
2.989372
8.720828
6.106375
8.779921
7.172307
8.821351
7.489805
8.870112
6.150329
8.911074
4.697237
8.956845
6.903478
9.013165
9.08878
9.057462
5.337738
9.103093
5.460343
9.148146
16.08178
9.192006
22.7638
9.235733
26.30195
9.290131
30.3488
9.335844
34.03889
9.380054
29.05233
9.427595
18.87146
9.481751
6.743314
9.512703
2.193031
9.571299
1.800593
9.617127
4.414549
9.664525
6.82142
9.715771
6.286998
9.761435
3.769566
9.807502
0.5492961
9.848905
3.698829
9.892382
10.83567
9.939695
20.29784
9.99577
31.29568
10.29651
52.71996
10.3081
53.04964
10.31915
53.40782
10.32985
53.518
10.34017
53.5073
10.35587
53.67668
10.36688
53.75273
10.37734
53.99734
10.40843
55.87412
10.46411
57.44365
10.50879
55.70823
10.55524
53.90221
10.59626
48.61837
10.64185
37.93049
10.68977
33.52125
10.74215
27.87425
10.78812
25.44572
10.83399
22.65223
10.88314
22.39918
10.92411
18.90375
10.97701
14.48653
11.02309
13.53243
11.06822
10.92334
11.11207
9.204043
11.15708
6.252067
11.20239
3.37011
11.25803
0.5417637
11.30112
4.807379
11.34795
7.323327
11.39028
6.274417
11.44792
1.827349
11.49212
2.71779
11.54002
4.127111
11.58218
3.891135
11.624
2.490808
11.68344
5.200402
11.7246
12.83939
11.77097
16.96192
11.81691
21.99227
11.86287
26.31493
11.90847
32.32389
11.95876
35.5489
12.00414
36.81413
12.04968
36.63221
12.09734
32.13385
12.15161
26.96662
12.19748
24.74108
12.23825
21.79789
12.28444
17.39684
12.32788
16.07055
12.37514
14.71322
12.43019
10.31254
12.47579
11.65249
12.51929
9.994794
12.56441
9.468281
12.61047
10.61193
12.65121
8.711111
12.71013
7.416959
12.75566
3.544311
12.79679
1.504282
12.84291
1.511031
12.89995
1.641752
12.94651
2.776856
12.98715
4.372959
13.03226
5.194407
13.08869
6.124263
13.13209
6.872239
13.1781
7.149816
13.22391
5.716146
13.27961
3.2765
13.32193
2.062035
13.36726
0.2934199
13.4132
2.592538
13.4557
4.648062
13.50429
6.319441
13.55859
9.220917
13.60409
12.83258
13.65011
9.666641
13.6906
6.621284
13.73669
7.08903
13.78245
5.033649
13.83816
0.3426407
13.88387
7.087757
13.92756
11.60682
13.97349
16.25099
14.01534
19.08308
14.06091
20.02722
14.10676
20.37682
14.16039
14.17525
14.20776
11.47384
14.25376
10.80383
14.29452
6.478081
14.3388
1.178026
14.38537
1.184156
14.44112
5.289798
14.4878
13.07441
14.53172
11.80407
14.57715
11.82132
14.63324
19.59211
14.6752
29.64416
14.72366
33.88224
14.7649
30.64248
14.82212
21.75108
14.85379
18.90746
14.90928
9.9857
14.95281
0.5392296
14.99833
4.040457
15.04218
11.42808
15.09781
16.53422
15.14652
18.24852
15.18749
17.28666
15.23307
19.20882
15.27906
20.9306
15.33887
19.18152
15.37994
20.23216
15.42469
19.67237
15.46716
19.85227
15.51354
17.72591
15.55761
15.47811
15.61397
10.09356
15.65962
5.284684
15.70531
0.2332305
15.74927
6.5381
15.79463
16.03291
15.83509
22.96354
15.89125
29.88364
15.93981
30.23971
15.98118
23.26898
16.02851
16.76685
16.06995
10.13232
16.11482
3.940294
16.17264
2.519094
16.21877
0.7977034
16.25907
3.158333
16.3058
4.015175
16.36161
6.062071
16.40874
4.594271
16.44971
5.870524
16.49423
4.549111
16.5405
4.856275
16.59775
7.337594
16.64309
7.117282
16.68767
7.190065
16.73169
7.378871
16.78556
5.98314
16.83033
5.241796
16.87518
3.77128
16.91966
2.511
16.96615
0.8913127
17.01083
0.9620516
17.06165
1.557711
17.12302
1.356818
17.15652
0.6952065
17.19817
0.3533245
17.2449
2.364882
17.29073
4.645195
17.34551
8.531106
17.38899
13.11195
17.44386
17.23005
17.4796
19.11972
17.52185
20.80797
17.57097
25.16163
17.61164
30.333
17.66651
30.19397
17.71149
25.81351
17.75673
17.54071
17.80483
8.558297
17.85675
14.1328
17.90287
18.34101
17.94872
18.7324
17.99203
17.22497
18.03807
16.7312
18.09401
21.37258
18.14001
23.34398
18.18404
21.28884
18.22565
19.71306
18.27278
17.72543
18.32784
14.31722
18.37679
10.11723
18.41785
7.407853
18.46364
3.704806
18.51957
1.453065
18.56362
0.01978234
18.60923
1.41513
18.65137
1.456159
18.69651
1.561099
18.75378
0.1866263
18.7975
4.030217
18.84328
2.129
18.88539
1.827777
18.93129
3.362724
18.98942
6.623593
19.02998
7.674219
19.07585
6.075994
19.12185
3.256542
19.1783
1.589054
19.22283
0.09691329
19.26765
3.029701
19.31258
0.5709552
19.35358
2.749155
19.41226
0.7898148
19.45624
1.504152
19.5033
0.1170339
19.54419
1.395636
19.59243
2.478045
19.64875
2.986554
19.69006
1.758028
19.73563
0.220287
19.78436
0.7138155
19.84679
7.553618
19.89257
5.104919
19.93793
6.616602
19.98245
7.593522
20.02381
1.224772
20.08083
2.483016
20.12846
1.011237
20.16963
3.437238
20.21523
6.622972
20.26057
12.31368
20.30681
10.63031
20.36242
11.50081
20.40664
10.48205
20.45254
13.28897
20.49533
11.56771
20.5524
6.70262
20.59544
6.451905
20.6415
7.24714
20.68708
9.059375
20.74235
5.783809
20.78602
5.916887
20.82854
4.902768
20.87404
3.741045
20.9202
4.120368
20.96532
2.237647
21.0095
2.792601
21.06524
0.1398823
21.11195
3.293664
21.15351
1.201708
21.19765
2.652694
21.25382
0.5626699
21.29926
0.8625273
21.34581
0.01978234
21.39346
0.9145018
21.43503
2.132766
21.47557
3.174409
21.52208
3.164093
21.57866
1.493838
21.62141
1.359267
21.66736
1.615436
21.71316
2.061181
21.76878
3.219661
21.80189
4.108992
21.8594
4.533195
21.89962
6.19701
21.9467
8.384922
21.99269
9.681498
22.04551
11.08747
22.09237
11.17879
22.1374
10.95089
22.1834
10.46398
22.22781
9.637086
22.28185
8.934767
22.32404
8.716296
22.36949
8.212002
22.4178
7.941615
22.45836
7.919536
22.5144
7.560759
22.55988
7.723851
22.60897
7.695467
22.64923
7.647346
22.6952
7.891951
22.75271
7.909864
22.79396
8.088546
22.84315
8.29375
22.88534
8.566647
22.93154
9.000799
22.98736
9.490427
23.0303
9.34237
23.07487
9.325968
23.11947
9.635291
23.16435
10.13727
23.21865
12.60864
23.26425
14.94827
23.30912
18.07323
23.35224
23.04136
23.4102
29.059
23.45329
32.89447
23.49938
34.75705
23.54734
37.03522
23.58829
36.78846
23.63614
34.98569
23.69187
33.30175
23.73484
33.85818
23.78028
30.7226
23.82424
24.83779
23.87066
19.74189
23.92174
19.02705
23.96809
17.48131
24.01411
14.57155
24.05779
12.74862
24.10314
9.014389
24.15846
8.15047
24.20571
5.999172
24.25035
2.133959
24.2916
0.3538778
24.33748
0.3333784
24.39223
1.862461
24.4363
3.936416
24.4818
6.716708
24.52913
8.155816
24.5706
8.834222
24.61748
7.22678
24.66032
4.944032
24.71661
11.39499
24.7626
13.55759
24.80871
14.17147
24.85213
15.01447
24.90906
16.21835
24.9496
16.03326
24.9952
18.51474
25.04451
26.08356
25.08558
26.22022
25.14143
22.88426
25.18725
21.95991
25.22893
19.951
25.27717
18.37236
25.31802
17.0189
25.36425
15.71681
25.42027
13.46869
25.46336
11.25608
25.50961
3.060302
25.55573
2.389254
25.61198
0.7383398
25.65535
4.657913
25.70085
5.097122
25.74281
4.623893
25.78968
4.102219
25.84901
1.616284
25.8911
1.668122
25.93709
2.634554
25.97908
3.658751
26.02631
4.403844
26.07922
4.631174
26.12487
7.334465
26.1706
11.70823
26.21158
11.14564
26.25642
12.50532
26.31581
15.31753
26.35962
15.53279
26.40548
14.93586
26.45812
13.52992
26.50373
12.31371
26.54933
9.751127
26.59443
7.361087
26.63925
5.16695
26.69161
2.153678
26.73774
0.3706227
26.78337
2.899013
26.82775
4.68358
26.87557
7.044448
26.9191
8.030108
26.96143
7.517995
27.00721
7.377223
27.05354
6.522486
27.10795
2.861428
27.15396
0.4489339
27.20834
0.2825486
27.23945
1.143808
27.28861
3.712515
27.34351
3.618228
27.38885
3.349774
27.43454
2.16844
27.47477
2.773117
27.5325
1.445774
27.57909
0.6233823
27.61931
0.05233916
27.66812
5.208346
27.70897
4.672902
27.75497
6.030687
27.81327
6.105347
27.85563
6.832911
27.90258
7.170228
27.94765
7.531529
27.98879
8.400505
28.04499
9.845224
28.08903
12.03876
28.13371
15.05363
28.17998
16.57198
28.22584
17.88098
28.28036
18.10378
28.32316
18.82187
28.3693
18.12748
28.41615
17.88973
28.45826
16.32377
28.50257
13.85221
28.5593
8.37569
28.606
4.117324
28.647
2.777208
28.69486
10.16357
28.74848
13.04984
28.79556
17.60247
28.84127
19.44677
28.88446
19.25248
28.94082
18.86075
28.98659
17.14293
29.02749
16.11946
29.07252
15.533
29.12066
16.44651
29.16136
15.02935
29.21695
13.09872
29.2624
9.943604
29.3073
5.4537
29.355
0.5865081
29.39629
4.099067
29.44277
8.112588
29.49688
13.00466
29.54414
14.62818
29.58574
14.50502
29.63088
15.2105
29.68846
15.32918
29.73485
14.10541
29.77884
14.4748
29.82072
14.1022
29.86841
13.24778
29.91368
13.4913
29.96993
15.59684
30.01044
13.52016
30.05673
11.36883
30.09968
11.51624
30.14667
10.47783
30.19172
8.751045
30.2475
5.428453
30.29485
4.843147
30.33684
2.820708
30.38196
1.264549
30.43346
1.075564
30.47816
2.07839
30.52559
3.146659
30.57074
3.223672
30.61619
3.033252
30.66108
3.072624
30.71372
2.590499
30.75922
2.786637
30.80574
2.3249
30.85133
3.576098
30.90841
6.4649
30.94979
5.146089
30.99471
4.172698
31.04188
6.631907
31.08249
8.197597
31.1309
10.08444
31.18664
8.472733
31.22721
8.350214
31.27311
7.655297
31.31671
6.512677
31.36452
4.959265
31.42261
0.6789736
31.46653
0.4981082
31.50912
0.3711503
31.55087
0.8490367
31.59634
0.02797646
31.64162
0.5457222
31.69772
1.164325
31.74265
1.107475
31.78956
2.093028
31.83068
3.23888
31.87658
2.09228
31.92021
3.661425
31.9765
3.930093
32.02204
1.284813
32.06794
0.3146578
32.11579
1.658356
32.15626
2.614941
32.21186
0.6268256
32.25745
1.51129
32.3036
1.518782
32.34798
0.4961402
32.38946
0.9306217
32.43481
3.776365
32.48997
7.373924
32.5339
9.032527
32.5797
11.40258
32.64723
16.44995
32.69276
16.22781
32.73806
14.64654
32.78367
17.25895
32.82441
16.33945
32.88069
13.04473
32.92759
13.51642
32.97255
13.72874
33.01751
12.9756
33.06186
13.67476
33.11872
10.31143
33.16241
8.135473
33.20766
7.093207
33.24885
4.155296
33.29311
1.587329
33.34484
0.680988
33.40695
2.680076
33.44347
2.824038
33.48631
2.649076
33.53136
2.993364
33.57384
2.74488
33.62916
1.806994
33.67397
0.6726035
33.71931
0.4881886
33.76363
1.518653
33.81915
2.626294
33.85382
2.92456
33.91007
2.741312
33.95369
2.211693
33.99782
1.37885
34.04312
0.5712977
34.10189
1.935832
34.1454
5.303819
34.19037
8.005821
34.23695
8.291287
34.27768
5.731931
34.32431
5.811463
34.37834
4.74615
34.42474
4.557629
34.46692
5.177217
34.51224
4.518524
34.55547
6.185737
34.61614
6.844871
34.65752
7.686357
34.70245
8.126202
34.74872
6.342668
34.80454
4.759052
34.85031
1.025075
34.89111
1.975461
34.93682
3.634535
34.98026
5.451759
35.02633
7.218359
35.08189
9.379576
35.12875
9.757073
35.17208
10.57144
35.21799
10.782
35.26299
11.70272
35.30373
12.33326
35.36405
14.20141
35.40599
16.4821
35.45737
17.99868
35.4968
17.3966
35.54319
15.41067
35.59618
14.32382
35.64099
12.8432
35.68768
10.98525
35.72887
8.567357
35.7737
7.458247
35.8334
5.149058
35.87341
3.802769
35.92047
2.121172
35.96719
0.8462666
36.00837
0.1897456
36.06312
1.409727
36.10856
1.898676
36.15332
1.772882
36.20094
0.711069
36.24565
0.6132555
36.28955
0.6029587
36.33414
3.210223
36.39188
4.881504
36.43689
1.760031
36.47737
0.8840382
36.52246
1.773544
36.58013
2.831168
36.62587
2.499593
36.66971
2.410053
36.71548
1.864771
36.75764
0.6045791
36.80252
0.5507192
36.85864
1.910903
36.90451
2.303588
36.95103
1.621241
36.99419
3.339589
37.05069
2.170695
37.09126
0.8355626
37.1365
3.089462
37.18452
5.739722
37.22699
8.357947
37.2725
12.74881
37.32927
15.23002
37.37219
18.28997
37.41679
20.18003
37.46264
20.56502
37.50557
21.40622
37.56277
20.04509
37.60999
19.79503
37.65353
18.14358
37.69706
14.17118
37.74144
11.25088
37.79766
7.34999
37.84346
2.856704
37.88538
0.688134
37.93067
2.264858
37.97849
4.387223
38.03171
5.284684
38.07798
6.826335
38.12103
5.126558
38.16833
3.901338
38.2124
2.796944
38.26634
1.104644
38.31296
0.6688108
38.3554
2.063838
38.4026
2.736738
38.44323
3.729407
38.49051
3.913416
38.54693
3.176998
38.59508
2.21523
38.63667
0.9751828
38.6775
3.038798
38.72322
5.32226
38.77237
2.241055
38.82692
3.839512
38.86757
5.486588
38.91465
4.909197
38.96114
5.249939
39.0074
4.249482
39.04677
6.466477
39.1036
6.06288
39.1497
6.307641
39.19827
9.6527
39.23914
13.3071
39.28405
15.86629
39.33009
16.29753
39.37111
16.16414
39.42947
15.99828
39.47032
16.69447
39.51792
18.72758
39.56365
17.85622
39.61825
17.54929
39.66274
17.15447
39.70985
17.69987
39.75007
17.72631
39.79549
17.14252
39.85083
17.05058
39.8958
11.53131
39.94262
11.24236
39.98895
7.947767
40.03217
3.093324
40.08771
0.82377
40.13337
1.316112
40.17593
1.597284
40.21964
1.630149
40.2642
1.201708
40.31017
0.9733753
40.35557
0.1341704
40.41155
0.9512104
40.45533
2.042581
40.49934
2.425919
40.54452
3.312098
40.58911
3.775224
40.64467
3.705863
40.67984
4.044091
40.73465
3.170089
40.78119
2.284734
40.82435
1.977046
40.87881
1.368879
40.92336
0.4949555
40.96806
0.7915472
41.01441
0.3310224
41.05803
0.1813082
41.11314
1.23337
41.15747
0.1948336
41.2013
1.089483
41.24963
5.670533
41.2941
3.438149
41.34914
2.975851
41.39464
4.544244
41.43803
3.680521
41.48408
3.816493
41.53084
2.171146
41.58237
2.862865
41.63049
0.1631294
41.67363
3.261768
41.71985
1.671755
41.76136
2.229322
41.80883
2.35102
41.86219
1.36845
41.90894
2.092374
41.95494
4.328708
41.99578
4.674243
42.03964
0.835094
42.09704
1.874924
42.14343
0.6305605
42.18555
0.9713628
42.23073
3.24184
42.27571
5.277932
42.33309
2.88907
42.37817
2.082905
42.42044
4.280753
42.46917
1.624978
42.50975
0.4668813
42.56673
0.8908735
42.61304
1.504022
42.65666
1.367449
42.70216
0.6749268
42.74822
0.7991739
42.78904
0.4073442
42.84752
0.08392937
42.88891
0.220287
42.93476
0.5947903
42.98048
0.5377761
43.0494
1.09056
43.08094
1.333689
43.1264
1.455756
43.17135
1.608516
43.21677
1.164493
43.25911
0.4149588
43.31536
1.286792
43.36057
2.346437
43.40556
5.129653
43.45394
8.330366
43.49553
10.16614
43.55059
14.73756
43.59268
13.37005
43.63774
9.746387
43.68564
1.345812
43.73006
7.68416
43.7817
14.08605
43.82827
17.11495
43.87168
15.56844
43.91825
9.635066
43.96524
0.513962
44.01691
6.435351
44.06547
12.36282
44.10605
16.74598
44.15187
18.63277
44.19804
20.64503
44.25606
21.80167
44.29726
22.08438
44.3428
21.44043
44.3881
20.45087
44.43328
21.50898
44.47794
22.67531
44.52315
23.32343
44.58015
24.88899
44.62149
26.65604
44.66521
25.67305
44.7136
24.49545
44.76519
23.2835
44.81153
21.09666
44.8603
18.14683
44.89991
16.85736
44.94433
15.62039
44.99959
12.05288
45.04582
11.18979
45.09031
8.628282
45.13625
4.060377
45.17832
4.322867
45.23891
4.328526
45.28128
4.261356
45.32596
4.19526
45.37203
3.109924
45.41706
2.647228
45.47638
0.9477068
45.51761
0.01978234
45.55942
0.8853652
45.60651
1.531868
45.64823
2.199714
45.69283
1.244269
45.74955
2.37677
45.79512
5.380664
45.84284
2.827016
45.89795
10.64344
45.93902
9.012536
45.97559
6.780295
46.032
8.590298
46.07292
9.410935
46.1209
11.95835
46.1621
8.201261
46.21933
5.315113
46.26522
0.4059006
46.30888
2.651513
46.35517
3.947048
46.39712
0.4592754
46.45443
0.3090104
46.49791
3.253595
46.54545
0.7773286
46.58629
2.081683
46.63321
4.461903
46.67527
3.497824
46.72379
3.844711
46.77557
2.857663
46.82162
3.368193
46.86726
2.776503
46.91076
1.515687
46.96708
1.383242
47.0129
1.745964
47.05874
2.007011
47.10299
5.108103
47.14494
6.608773
47.19101
10.32617
47.24828
12.48627
47.29779
10.30007
47.33398
9.378863
47.37925
7.592798
47.43483
8.090657
47.48051
5.812003
47.52413
2.777701
47.56978
4.315385
47.6159
4.810556
47.67338
4.307299
47.71764
5.37662
47.75839
5.395576
47.8036
5.853036
47.85037
7.042332
47.89622
6.905778
47.94003
6.905012
47.9936
6.377996
48.03865
6.710574
48.08414
7.058969
48.13807
8.956664
48.17439
8.479338
48.22983
4.079432
48.2751
6.420281
48.31813
5.867753
48.36363
5.554179
48.41709
4.481045
48.46164
4.979608
48.51474
5.797822
48.55574
4.549714
48.59578
6.545505
48.64048
7.786337
48.68746
8.70211
48.74558
10.50472
48.78672
11.19317
48.83404
11.49151
48.87926
11.30401
48.92246
8.330648
48.97878
7.666287
49.02533
5.700008
49.06542
6.215395
49.11127
1.712579
49.15912
3.078798
49.20066
1.485299
49.25696
0.6540186
49.30323
0.6299395
49.34729
3.591342
49.39004
2.024874
49.43516
2.703274
49.49181
3.048766
49.53574
0.4396856
49.58139
1.827885
49.62708
2.481991
49.6731
1.406948
49.72918
1.859937
49.77092
0.9183452
49.81687
3.775743
49.85815
3.289262
49.92023
3.410304
49.97007
2.514583
50.00623
2.787901
50.05239
5.310428
50.09339
6.053107
50.14188
3.606032
50.19354
2.354513
50.23983
0.8163731
50.28646
0.5293413
50.32764
0.2148914
50.37623
1.153688
50.4171
1.148418
50.46277
1.72533
50.51934
0.5348573
50.56306
1.458174
50.6089
0.4731261
50.65344
1.51904
50.71159
1.303413
50.75195
1.261295
50.80067
0.9164255
50.84182
0.6274496
50.89036
1.686788
50.94291
1.7463
50.98875
1.359123
51.0328
1.928641
51.07761
3.192243
51.12357
3.549003
51.16631
3.90194
51.22382
4.615285
51.2662
4.934314
51.3112
5.703927
51.35881
5.902027
51.40474
6.637848
51.44582
7.06047
51.50274
6.628092
51.54811
6.270573
51.59079
5.615938
51.63586
4.967791
51.68182
3.946155
51.73704
3.132316
51.78036
2.122371
51.82541
0.9653005
51.87184
0.9907107
51.9166
0.6361217
51.97056
0.8956926
52.0162
0.0656106
52.06179
0.7129927
52.10357
2.020133
52.14981
4.662537
52.19284
6.871011
52.25085
11.44809
52.29714
16.77127
52.33898
24.48103
52.3833
29.73282
52.43046
31.22532
52.48663
34.91042
52.53251
34.91982
52.57655
33.24574
52.61726
30.40657
52.66217
26.73731
52.71894
20.45917
52.76682
12.47946
52.81065
3.447987
52.85191
2.442483
52.90964
0.3414966
52.95696
0.1958353
53.00297
0.4698059
53.04364
2.547143
53.08947
5.709044
53.13507
9.9736
53.17594
13.58699
53.23367
14.22944
53.27912
20.80414
53.3255
22.97923
53.36692
22.146
53.41458
22.25926
53.47071
18.57341
53.51036
16.16018
53.55712
12.41983
53.60404
6.664856
53.65005
4.938243
53.70042
1.29074
53.74619
5.667664
53.79647
8.539275
53.83865
10.03975
53.88052
9.919644
53.92635
10.07728
53.98381
9.655408
54.02814
10.36329
54.07276
10.66848
54.11872
12.53729
54.17068
17.57139
54.21455
19.63948
54.25997
24.06115
54.3047
25.02466
54.3505
25.37009
54.40465
22.36435
54.45037
19.73216
54.49706
16.43668
54.54313
13.58699
54.58582
16.08368
54.64017
11.3962
54.68606
9.595791
54.73129
10.09826
54.77903
13.62755
54.82129
16.79318
54.86512
18.34782
54.91195
21.5706
54.9535
24.69443
55.01177
28.0325
55.05367
26.63451
55.09899
24.91003
55.14388
25.52598
55.20042
24.10898
55.24446
20.16631
55.29028
16.76593
55.33546
15.00073
55.37699
11.51894
55.43159
9.937748
55.47739
9.307636
55.52307
6.681842
55.56918
8.050398
55.61836
9.364538
55.66898
10.58143
55.71509
13.97974
55.75597
16.6827
55.81778
19.34498
55.84936
20.64286
55.90596
21.4387
55.94782
20.24047
55.99374
19.45762
56.03668
17.1678
56.0833
9.863104
56.14022
6.097572
56.18119
3.25546
56.23877
0.06852804
56.2836
1.215792
56.33896
0.772531
56.38597
4.923105
56.43119
3.45196
56.47295
2.884255
56.51897
5.213723
56.5745
6.691638
56.61598
5.965125
56.66395
5.751866
56.70667
6.476446
56.75282
5.6042
56.79498
2.884798
56.85077
2.57914
56.89734
1.294676
56.94387
0.6852845
57.00006
1.874193
57.0447
1.515945
57.08606
3.573086
57.13162
4.940385
57.17688
8.371539
57.22157
9.836373
57.27623
8.514792
57.32236
8.425948
57.36961
9.775072
57.41129
11.035
57.46471
12.04925
57.51099
14.13758
57.55696
11.80068
57.59885
9.86972
57.64393
12.26669
57.69977
12.35968
57.74701
9.43636
57.79377
7.524804
57.83956
7.124391
57.8819
7.360581
57.93946
8.336963
57.98207
7.811178
58.02847
11.67146
58.07173
19.6781
58.11783
30.86228
58.16907
38.96164
58.21439
38.50848
58.25814
43.29448
58.30409
39.90149
58.35027
27.67203
58.39612
14.28508
58.44994
0.5733491
58.4973
4.59964
58.5392
10.18356
58.58575
11.51239
58.64042
7.881623
58.68594
8.005772
58.7315
7.38355
58.77662
9.23893
58.81675
7.931845
58.86446
7.696384
58.91063
7.122188
58.96582
6.248868
59.0107
8.116822
59.05922
8.57146
59.09631
12.31968
59.14211
12.9223
59.18909
7.04261
59.24461
6.655551
59.28903
10.79704
59.33486
10.67053
59.37559
11.01844
59.43219
17.3936
59.47764
20.35297
59.52375
23.69532
59.57004
25.09561
59.61204
29.78851
59.65378
33.91856
59.71183
37.25676
59.75853
41.789
59.80094
46.5314
59.84571
50.44632
59.89011
52.00074
59.93493
49.54432
59.99058
49.62867
60.03669
49.45113
60.08047
48.20429
60.126
47.22384
60.16903
44.60151
60.22387
42.99457
60.27231
41.00992
60.31787
40.51544
60.35888
40.40502
60.40466
39.37177
60.45023
38.51054
60.50783
38.27997
60.54781
38.10975
60.59296
39.48204
60.6385
40.8599
60.68186
39.80183
60.74184
38.50285
60.77226
37.43115
60.82799
34.7868
60.87763
32.6933
60.91825
28.92493
60.96424
30.52373
61.02166
33.01621
61.06196
31.46333
61.1072
33.29023
61.15313
33.95349
61.19973
35.69893
61.25467
36.34166
61.298
37.94394
61.34524
40.28947
61.38567
42.72381
61.43171
44.40658
61.49097
44.7914
61.53254
44.23545
61.57876
40.98183
61.62367
38.27337
61.665
37.50859
61.71218
37.26294
61.76931
33.97931
61.81109
32.91852
61.85872
32.31254
61.90204
30.2268
61.94841
28.2779
62
26.29338
62.04538
25.07262
62.09297
21.49347
62.13933
18.18654
62.18162
16.5748
62.23753
15.76047
62.28413
14.64653
62.32448
13.04102
62.37039
13.74386
62.41613
11.71645
62.46155
11.66883
62.51621
12.98077
62.56287
13.66596
62.60468
13.99575
62.65105
14.09197
62.6971
14.71845
62.75273
14.96521
62.79299
14.76756
62.83775
14.93899
62.88692
15.20274
62.94158
14.82825
62.98592
14.35901
63.03122
13.65198
63.07273
13.47514
63.12102
14.97536
63.1766
17.7988
63.22071
20.04508
63.26596
24.37985
63.30737
29.35484
63.35606
34.00152
63.40127
37.28687
63.4556
39.18662
63.50037
43.76888
63.54403
54.49945
63.59082
81.21812
63.63144
119.2686
63.68989
155.6861
63.73473
168.7712
63.78075
178.4881
63.82301
173.6347
63.86909
165.6962
63.92805
157.0025
63.96876
151.4968
64.01521
144.4837
64.05628
140.9695
64.10254
138.6503
64.15578
137.2214
64.20227
137.0796
64.2486
138.7349
64.29366
138.3035
64.33759
134.6629
64.38319
131.0279
64.43899
123.6165
64.48048
115.0711
64.52884
103.5732
64.57021
96.19469
64.61527
95.42862
64.66241
102.0383
64.71432
110.3115
64.76263
116.4019
64.80427
118.1826
64.85107
117.5189
64.89637
112.7888
64.94942
108.1632
64.99384
111.3094
65.03842
120.6112
65.08571
127.4416
65.14149
132.8941
65.18835
141.0896
65.23013
144.3768
65.27692
144.3567
65.31833
126.8261
65.36642
97.10386
65.40764
28.48065
65.4678
5.132517
65.50854
15.25993
65.55679
21.24357
65.59753
24.71035
65.65399
23.79208
65.69901
22.83265
65.74834
20.78817
65.79137
18.32457
65.83208
15.87643
65.8786
16.02235
65.92329
17.42735
65.97748
19.34233
66.02364
24.47771
66.07093
36.75852
66.11146
53.7746
66.17071
80.24812
66.21259
98.8467
66.25819
115.3526
66.30323
126.4302
66.35215
135.9205
66.39285
143.9994
66.44819
156.9286
66.49325
165.3015
66.53915
169.6628
66.58215
171.3927
66.63998
174.3674
66.71012
178.0688
66.73729
150.4127
66.78435
174.8127
66.83054
177.9103
66.88322
148.1556
66.92908
126.1175
66.97277
111.4065
67.01885
148.5727
67.0653
121.6101
67.10594
152.5301
67.15152
142.0853
67.20698
128.31
67.25274
37.66256
67.29803
50.69143
67.34344
48.28819
67.38729
22.43843
67.44323
34.50896
67.48514
32.75738
67.53126
34.76892
67.57413
47.55634
67.62018
44.89999
67.6666
47.17276
67.72385
35.42553
67.7643
158.1661
67.80858
152.0806
67.8537
178.6436
67.89944
162.9492
67.94456
58.40185
67.98837
103.5927
68.04346
140.2742
68.0899
117.3105
68.13671
160.3225
68.17934
166.4491
68.23401
167.4813
68.27985
173.7452
68.32277
173.1443
68.36903
178.3203
68.41262
174.6197
68.45705
166.7521
68.51482
139.8089
68.55849
121.644
68.60526
110.018
68.65022
102.5461
68.69073
105.0017
68.75097
104.9204
68.79448
106.2056
68.84073
103.4477
68.88271
101.0677
68.92763
99.29906
68.98682
96.25401
69.03038
96.08151
69.07493
93.21372
69.11784
93.04452
69.16441
95.59179
69.20753
94.091
69.26281
99.26032
69.30709
102.4967
69.35515
105.5467
69.39726
111.6347
69.44407
115.1444
69.49696
122.1618
69.54393
125.4599
69.58824
129.8757
69.63306
134.1204
69.68961
136.3435
69.73077
137.3519
69.77654
137.4991
69.8201
138.2231
69.867
139.6173
69.91272
129.0352
69.9677
122.947
70.0119
119.6576
70.05504
120.7169
70.10097
121.1216
70.14355
119.9696
70.20148
118.6525
70.23687
116.848
70.29131
115.0742
