0
166.0219
0.7679383
0.04423466
0.8147554
0.1170339
0.8704312
0.1251145
0.9163868
0.1170339
0.9583148
0.1046783
1.00296
0.02797646
1.046648
0
1.094408
0.0656106
1.147329
0.05233916
1.191216
0.04845664
1.237913
0.02797646
1.283853
0.02797646
1.337816
0.07661668
1.382468
0.02797646
1.43079
0.09487279
1.474962
0.07401875
1.516496
0.1426525
1.570901
0.1557664
1.617005
0.1136409
1.662659
0.09691329
1.709331
0
1.75105
0.03426402
1.811462
0.1440177
1.854614
0
1.897216
0.02797646
1.944207
0
1.999067
0.02797646
2.030323
0.04845664
2.086975
0.1203313
2.13328
0.1897456
2.176363
0.1083524
2.223018
0
2.276923
0.01978234
2.323059
0.02797646
2.370183
0.05934703
2.411998
0.05595291
2.458473
0.03426402
2.498899
0.2639296
2.553843
0.01978234
2.60249
0.04845664
2.643214
0.1594904
2.690352
0.1027921
2.746618
0.1008706
2.793939
0.04845664
2.834413
0.08392937
2.880378
0.06255726
2.935257
0.1065312
2.982528
0
3.027878
0.08156469
3.069191
0.01978234
3.114146
0.04845664
3.156838
0.1101434
3.204364
0.04845664
3.247736
0.09891172
3.303708
0.05233916
3.348295
0.1631294
3.392096
0.04845664
3.436925
0.1282043
3.481216
0.09691329
3.538961
0.05595291
3.587254
0.174713
3.627544
0.01978234
3.672434
0.1008706
3.718027
0.1643245
3.76329
0.09278741
3.805827
0
3.860664
0.1412742
3.910066
0.07132626
3.950735
0.1341704
3.994799
0.09891172
4.05403
0
4.098756
0.06255726
4.14313
0.1988102
4.191017
0.09065409
4.241291
0.1440177
4.287669
0.06255726
4.332276
0.01978234
4.3776
0.05595291
4.422451
0.09278741
4.469411
0.01978234
4.524186
0.0656106
4.568012
0.1467098
4.610539
0.1008706
4.654222
0.1101434
4.713766
0.2741124
4.754331
1.759808
4.805724
0.6058724
4.845356
0.2390311
4.892046
3.588287
4.94798
7.122738
4.977919
5.001318
5.035571
3.617795
5.081248
1.254138
5.127739
2.936717
5.169638
6.131589
5.214333
9.018617
5.271204
0.2430897
5.312735
6.470054
5.358051
4.111755
5.40694
4.748173
5.458705
5.584582
5.504538
3.568919
5.550759
3.70787
5.592302
3.264228
5.64054
2.541681
5.681494
1.87628
5.728348
1.554315
5.783532
1.94883
5.827927
1.220451
5.872906
0.3380413
5.919868
0.6489125
5.975039
0.4893896
6.018888
1.093069
6.065813
1.756803
6.107499
0.9618481
6.162846
1.340129
6.208955
0.3316129
6.252488
1.328543
6.298842
1.020291
6.344921
0.5093729
6.387731
0.3127867
6.432399
1.38211
6.491202
1.474588
6.532945
0.4541341
6.579333
0.4821389
6.622593
0.4727124
6.680604
0.6489125
6.722804
0.4224361
6.765397
2.037304
6.811821
0.5924829
6.856492
0.652221
6.914148
1.357827
6.956089
0.2866737
7.002289
0.2880355
7.045904
2.346103
7.093128
0.8937243
7.146056
0
7.194352
2.334981
7.238698
1.006194
7.281126
1.179354
7.328847
4.288752
7.380107
7.643341
7.430912
4.412641
7.472533
4.041814
7.514061
2.727424
7.562528
9.210979
7.604077
5.936764
7.660488
6.895745
7.707655
5.877632
7.750268
3.885041
7.795789
7.560656
7.839497
5.472854
7.882768
5.293427
7.92919
6.056507
7.98476
7.313649
8.030798
6.238631
8.075068
8.083666
8.122483
7.052659
8.164315
4.732304
8.221631
3.786721
8.261497
2.667998
8.308297
5.359829
8.35575
4.141559
8.397548
6.364979
8.452875
3.175333
8.500234
3.625365
8.542783
4.268153
8.586769
1.998803
8.635628
3.362666
8.679675
3.291939
8.722029
1.499722
8.778579
3.791682
8.821438
2.622639
8.86744
4.824626
8.913527
4.417166
8.956658
1.22892
9.015057
2.185253
9.05893
2.310544
9.100214
2.962071
9.146717
3.042982
9.189936
1.630269
9.237158
0.5047422
9.292347
2.191156
9.334671
3.128189
9.380488
0.577091
9.424555
0.7151849
9.480583
1.093069
9.515647
0.3560827
9.571854
0.4130683
9.61552
1.326184
9.66567
2.380391
9.715339
0.3784592
9.760606
1.557962
9.807893
2.369512
9.853004
0.4297835
9.894641
1.748764
9.93844
0.501241
9.993782
0.4885893
10.2972
0.1282043
10.30804
0.1948336
10.31843
0.1170339
10.3295
0.1083524
10.34562
0.1978235
10.35638
0.07661668
10.36719
0.1170339
10.3779
0.01978234
10.40966
1.062016
10.46861
1.12657
10.51189
0.4702222
10.5537
3.788893
10.6007
0.9076288
10.64149
4.112232
10.69064
1.134187
10.74329
1.313582
10.79052
0.07401875
10.83313
1.770894
10.8766
0.4320539
10.9242
4.213706
10.97574
5.978452
11.02195
2.85828
11.06859
4.881825
11.11163
4.309889
11.15785
5.689476
11.20372
5.65007
11.25559
7.594685
11.30055
7.876964
11.3467
8.357852
11.39184
5.696293
11.44923
1.727597
11.4932
6.734234
11.53472
5.834521
11.58135
3.899229
11.62782
1.802657
11.67963
7.111685
11.72888
7.527411
11.77047
4.743013
11.81713
6.303038
11.86343
6.188969
11.90796
8.097788
11.95975
6.67923
12.00661
6.056442
12.05366
5.882066
12.09719
2.562695
12.14997
3.216742
12.19623
4.907121
12.23821
3.406053
12.28577
2.0374
12.32977
3.589706
12.37578
3.411969
12.4293
0.5549665
12.47577
4.832213
12.52127
0.8751395
12.56363
1.291649
12.61145
3.20821
12.65323
0.4252063
12.70969
1.863932
12.75685
1.832162
12.79883
0.4673002
12.84439
1.506881
12.89978
1.667653
12.94624
0.1545051
12.99198
1.004442
13.03393
0.1266688
13.09136
0.1813082
13.13545
0.6065179
13.17652
0.7707559
13.22304
0.4159008
13.28176
0.6233823
13.32593
0.4857778
13.36667
0.2594432
13.41223
0.01978234
13.45813
0.05934703
13.50007
0.1119058
13.56029
1.603032
13.60122
3.491325
13.64726
2.390073
13.69522
1.81456
13.73926
2.529639
13.78162
0.9811842
13.83954
0.6567059
13.88017
2.112574
13.92525
0.2790645
13.9713
0.249446
14.01746
0.4788812
14.05958
0.4247459
14.106
1.071554
14.1605
4.683078
14.20722
0.8600281
14.25369
1.826492
14.2967
1.320269
14.3418
1.031165
14.38461
1.588808
14.43862
1.000538
14.4863
5.812273
14.53026
2.366702
14.57742
0
14.6293
1.313284
14.67699
0.7292733
14.72256
0.1557664
14.76473
1.124832
14.82253
0.590498
14.85411
2.58369
14.91117
0.2853053
14.9567
3.362433
14.99809
1.46567
15.04562
0.7022079
15.0981
0.9373261
15.14227
0.9646922
15.18915
2.255506
15.23613
1.954646
15.27653
1.666948
15.33707
1.182502
15.37786
1.994687
15.4263
0.1724585
15.46721
1.270724
15.51377
0.6434618
15.55746
1.587823
15.61506
1.177693
15.66035
1.051647
15.7008
0.7470343
15.7499
1.549018
15.79238
2.321867
15.83804
1.664716
15.89439
0.4334104
15.93812
0.9739782
15.98037
1.175032
16.02802
0.1780411
16.07022
2.370008
16.11755
2.282934
16.17113
3.224765
16.21739
0.132704
16.26409
0.1506579
16.30557
1.871058
16.36146
0.7900625
16.40836
2.989634
16.45428
0.5723243
16.49467
1.84005
16.54104
0.3753442
16.59571
1.522257
16.64152
0.6596788
16.68894
0.1101434
16.73226
0.1282043
16.787
1.145688
16.83334
0.1545051
16.87461
0.4083038
16.92026
0.1813082
16.96312
0
17.01063
0.5417637
17.05684
0.1897456
17.11312
0.4463111
17.15587
0.4025119
17.19845
0.09487279
17.24677
0.5811456
17.29118
0.8921905
17.34438
2.462754
17.3947
3.52781
17.44432
3.463398
17.47734
2.066112
17.52407
2.561549
17.57083
6.556999
17.61285
7.739082
17.67074
9.037595
17.7135
7.953026
17.7631
4.039682
17.80483
1.16634
17.85658
12.85265
17.90267
6.325984
17.94987
0.6769533
17.99486
0.4325065
18.03687
1.968117
18.09519
6.131397
18.13575
3.742928
18.18465
0.6912548
18.22708
1.717486
18.27156
2.176278
18.32893
1.341151
18.37402
0.2176059
18.41523
0.4853748
18.46257
0.4768338
18.52017
1.079015
18.56186
0.4861804
18.60623
2.619802
18.65201
0.4829499
18.69988
0.06255726
18.75136
2.041431
18.79637
4.789907
18.84252
1.535059
18.88938
0.2065338
18.9306
1.399697
18.98562
3.026986
19.03299
0.9596078
19.07446
1.478697
19.12149
2.563688
19.17802
4.971299
19.22068
1.289678
19.26748
3.475193
19.30914
3.339003
19.35454
1.973677
19.41403
2.365875
19.45641
0.3414966
19.49878
1.833444
19.54679
0.9164255
19.59283
0.6775311
19.644
0.3333784
19.69256
0.9215358
19.73494
0.6330382
19.78379
0.3794918
19.84716
5.175816
19.89376
2.97032
19.93501
1.784216
19.98331
1.327659
20.02545
8.44541
20.08254
4.272281
20.12592
2.623609
20.17308
1.21724
20.218
1.588808
20.259
3.896265
20.306
3.576372
20.35882
0.9970112
20.40362
1.83451
20.4531
2.346603
20.4945
1.842069
20.55073
4.600236
20.59472
0.1101434
20.64143
1.257566
20.68302
2.330114
20.73947
2.594501
20.7845
0.612617
20.82802
0.6103771
20.87467
0.8880135
20.92107
0.5619739
20.9668
1.690728
21.00986
0.8656976
21.06497
1.908751
21.11152
2.610146
21.15275
2.614566
21.20282
1.182171
21.25731
2.454793
21.30041
1.678764
21.34156
0.8886743
21.38896
0.5521386
21.43394
0.6339648
21.47584
0.5733491
21.52294
0.04423466
21.57928
0.9285166
21.62326
0.5428462
21.66992
0.6821364
21.71223
0.4635163
21.76948
0.5066768
21.80035
0.254109
21.85958
0.7362165
21.90077
0.7610474
21.94772
0.7633579
21.99478
0.1493534
22.05034
0.2571706
22.09132
0.3538778
22.13774
0.1370561
22.18329
0.07912937
22.22768
0.3292442
22.27946
0.1713202
22.32935
0.09487279
22.37051
0.2349025
22.41713
0.08392937
22.4597
0.07132626
22.51642
0.2741124
22.56026
0.1607126
22.6057
0.1153499
22.64885
0.1690205
22.69398
0.1027921
22.75306
0.09891172
22.79719
0.1046783
22.83969
0.1008706
22.88296
0.1876719
22.92836
0.3477423
22.9875
0.5016313
23.02918
0
23.07333
0.2462884
23.11717
0.6434618
23.16576
0.9071976
23.22533
2.999374
23.26453
2.819459
23.30964
3.722838
23.35276
5.607522
23.41231
6.997146
23.45589
5.145709
23.49735
4.141842
23.54435
5.295204
23.59104
2.887443
23.63383
3.204669
23.69151
5.940296
23.73226
7.025348
23.77757
4.190636
23.82367
0.4929749
23.86691
2.19428
23.92309
6.347828
23.9693
4.338831
24.01515
2.565901
24.06049
2.657928
24.10225
0.5070629
24.1586
3.974882
24.20563
1.479755
24.24879
0.8706562
24.29528
0.427501
24.33679
1.924273
24.39487
0.5970887
24.43884
0.7356848
24.4819
0.3615361
24.52551
1.283899
24.57244
1.071371
24.61859
2.692827
24.6634
2.894823
24.71663
5.129042
24.76345
0.6507192
24.80535
0.8322775
24.85428
0.5082192
24.90574
0.9679322
24.95288
2.32549
24.99541
0.364769
25.04617
5.574748
25.08826
0
25.14019
1.563604
25.1861
1.159103
25.23211
0.3663747
25.276
1.717942
25.31823
1.296488
25.36421
2.215937
25.42172
3.404674
25.46759
2.010226
25.51189
4.623088
25.5533
2.43325
25.61143
0.4414621
25.6549
1.488326
25.70173
1.548513
25.74382
1.089303
25.79107
0.4747775
25.85026
0.09487279
25.89296
1.136256
25.93362
1.252108
25.97992
1.098605
26.02166
1.92925
26.08167
3.280978
26.12305
0.5256317
26.16962
1.19812
26.21251
2.969991
26.25706
0.6667597
26.31353
0.8515682
26.35932
0.6449805
26.40456
0.6327289
26.4602
0.1823843
26.50233
0.5535544
26.54903
0.5222706
26.59552
0.3631561
26.63674
0.3460502
26.69158
1.20788
26.73866
1.352195
26.785
1.696736
26.82718
1.486484
26.87109
2.746234
26.91851
1.665539
26.96034
0.2853053
27.00675
0.8643403
27.05557
0.220287
27.10784
2.400206
27.15474
1.250231
27.20679
0.9219604
27.24348
0.1582588
27.28835
1.138664
27.34089
1.082998
27.3878
0.5821548
27.42998
1.189925
27.47858
0.8762568
27.53033
0.3039024
27.57656
0.3505445
27.62219
0.3835945
27.66725
5.867953
27.7092
0.1467098
27.75629
1.667887
27.81303
0.4116447
27.85459
1.03854
27.89899
0.2755364
27.94608
0.598071
27.98948
0.6003569
28.04608
1.148077
28.09096
0.02797646
28.13778
0.7942618
28.17857
0.4493696
28.22554
1.614952
28.2797
1.031165
28.3275
1.241593
28.36928
0.5736903
28.41556
0.1136409
28.45742
0.9272513
28.5024
1.179022
28.56082
2.67708
28.60203
0.7587299
28.64883
2.538213
28.69365
1.271801
28.75075
2.964977
28.79303
0.9837734
28.83895
0.4909863
28.88394
1.063673
28.93998
0.3876539
28.98284
0.6000308
29.03023
0.2102893
29.07427
0.8726766
29.11708
2.153133
29.16431
0.3238513
29.21653
0.6623429
29.26298
0.07132626
29.30834
0.249446
29.35062
0.03956468
29.39809
0.9725708
29.44446
0.2027088
29.49922
1.312539
29.54022
0.5848376
29.58815
1.088764
29.63412
0.5016313
29.68848
0.1855749
29.73534
1.070458
29.77663
0.6501176
29.82138
0.01978234
29.8653
0.5196414
29.91373
0.7750598
29.96992
3.313635
30.01043
1.128306
30.05779
1.196813
30.10194
1.197956
30.14761
0.464781
30.19378
0
30.24561
1.213214
30.29461
0.9948499
30.33649
0.5352231
30.38278
0.08846933
30.43575
0.4210443
30.4819
0.2825486
30.5262
0.1938267
30.5699
0.3220336
30.61835
0.2907402
30.66231
0
30.71379
0.4877876
30.75926
0.2382111
30.80791
0.3700944
30.85069
1.401234
30.90763
3.021095
30.95181
1.464334
30.99421
1.53289
31.03996
1.560096
31.08648
0.660568
31.13004
0.9052542
31.1848
2.181309
31.22807
0.1643245
31.27497
0.4379019
31.31883
0.7415132
31.36135
0.9587917
31.41891
3.467748
31.46414
0.6055493
31.51383
1.236856
31.55258
0.5348573
31.60069
1.118726
31.64336
0.3286494
31.70087
0.6954879
31.74069
0.4405747
31.78736
2.329358
31.83402
0.4427898
31.87545
1.609125
31.92211
1.197303
31.9754
0.2859903
32.02235
1.826921
32.06897
0.7868362
32.11365
1.208204
32.15663
1.712236
32.21365
0.8513383
32.25515
0.7195491
32.30221
2.402977
32.34589
2.781293
32.39172
1.201871
32.43461
0.6590852
32.49256
0.4396856
32.53663
1.144321
32.57941
0.8656976
32.64616
0.8343908
32.69463
2.573366
32.73822
2.953003
32.77932
2.61554
32.82595
0.3214254
32.88278
1.884502
32.92779
1.732687
32.97364
1.975065
33.016
1.926204
33.05884
3.597661
33.11656
0.3397734
33.16032
0.5891711
33.20731
1.734268
33.24989
0.3841043
33.29352
0.1356209
33.34265
0.1467098
33.39408
0.1384764
33.44193
0.6655847
33.4873
0.711069
33.53578
0.01978234
33.57259
0.2987072
33.63368
0.4247459
33.67619
0.3146578
33.72236
0.1136409
33.7654
0.2733977
33.82012
0.05934703
33.85557
0.02797646
33.91164
0.03426402
33.95868
0.08622923
33.99953
0.08846933
34.04628
0.9948499
34.0978
0.4410186
34.14627
3.024333
34.18998
2.572681
34.23277
0.2741124
34.2795
2.550215
34.32615
0.05233916
34.3815
0.9771874
34.42596
0.1027921
34.46815
0.9518273
34.51429
0.3443497
34.55858
1.897852
34.61517
0.9663135
34.65797
1.177361
34.70196
1.033251
34.74982
0.7745547
34.80488
0.4445539
34.84583
2.039033
34.89209
1.68586
34.93742
0.4352126
34.98192
0.6838553
35.02889
0.4833549
35.08537
0.9069818
35.12645
0.3202056
35.17098
0.2920831
35.21823
0.2438933
35.25968
0.5169988
35.30663
0
35.36662
0.3333784
35.40849
1.182998
35.45486
0.7600183
35.49623
0.4116447
35.54258
1.069177
35.59784
0.4660423
35.64364
0
35.68647
0.2533378
35.73296
1.034387
35.77662
0.3789758
35.82964
0.3805216
35.87531
0.1532334
35.92097
0.1643245
35.96349
0.2148914
36.00898
0.1312212
36.06557
0.01978234
36.11078
0.01978234
36.15637
0.09278741
36.20018
0.7967216
36.24599
0.1008706
36.28814
1.142952
36.33448
2.609696
36.38926
1.663423
36.43517
3.08026
36.48059
0.7260464
36.52134
2.338833
36.58017
0.5891711
36.62599
0.6617518
36.66727
0.3911712
36.71507
0.800886
36.75594
1.281611
36.80411
0.9048218
36.86106
1.130385
36.90358
0.4228991
36.94973
0.3779418
36.99359
2.162475
37.05045
0.5211454
37.09196
2.510143
37.13769
1.333248
37.18282
1.014907
37.22742
0.9082754
37.27492
2.211516
37.32636
0.3516591
37.37294
1.231306
37.41874
0.2398483
37.46306
0.992881
37.50605
0.4432315
37.56509
0.14537
37.60656
1.471533
37.65147
0.2211734
37.69683
1.964434
37.74321
0.6370438
37.80244
0.3460502
37.83944
1.53837
37.88604
0.3956476
37.93218
0.6314908
37.97807
0.08622923
38.03354
0.4673002
38.07576
1.19861
38.1229
1.409033
38.16492
0.4436728
38.21152
0.05934703
38.26775
0.1136409
38.30963
0.132704
38.35505
0.08156469
38.40257
0.3700944
38.44559
0.5000685
38.4882
0.3615361
38.54433
0.3127867
38.59005
0.04845664
38.63399
0.464781
38.68114
3.359171
38.72251
1.609854
38.77008
3.857423
38.82621
0.7107937
38.86856
0.9450188
38.9149
1.468604
38.96076
0.8804895
39.00121
2.921747
39.04632
0.09891172
39.1026
3.695175
39.14825
2.166453
39.19481
1.160621
39.23995
1.777402
39.28051
0.5319225
39.32903
1.413332
39.37022
1.292709
39.43005
1.495017
39.47108
0.3454843
39.51738
0.8038125
39.56456
1.968812
39.61967
1.007748
39.6618
0.1866263
39.70853
2.821541
39.75181
2.313253
39.79637
1.431491
39.85122
2.380391
39.89769
3.151073
39.9432
2.871263
39.98878
0.3386196
40.03116
1.654221
40.08698
0.8137322
40.13347
0.6246366
40.17457
0.4933717
40.22222
0.2825486
40.26342
0.311533
40.31247
0.2646699
40.35312
0.09691329
40.40874
0.03426402
40.45814
0.1643245
40.49879
0.4813265
40.54349
0.1119058
40.58847
0.04845664
40.64665
0.3976209
40.68129
0.2548778
40.73493
0.7566639
40.78035
0.5781073
40.82962
0.1823843
40.87904
0.2130625
40.92438
0.165511
40.97001
0.5964329
41.01473
1.087146
41.05795
0.8437192
41.1123
1.065143
41.15688
1.519297
41.20162
1.021633
41.24963
4.78962
41.29413
1.998314
41.34985
0.1690205
41.39511
1.701689
41.43896
1.469137
41.48458
1.352629
41.52728
3.004004
41.58334
0
41.63012
2.925162
41.67084
2.33322
41.71796
2.736094
41.7605
0.2719625
41.80842
0.2176059
41.86259
0.5478694
41.90536
1.408338
41.95172
2.962533
41.99781
1.032493
42.03947
2.960352
42.09948
2.445926
42.14061
0.2564087
42.18844
0.9983841
42.2306
1.809484
42.27684
1.80168
42.33376
2.280532
42.37602
0.3669084
42.42394
2.97493
42.46758
1.386633
42.51294
0.02797646
42.56929
0.07132626
42.61103
0
42.65706
0.4329587
42.69921
0.9189842
42.74658
0.05934703
42.78862
0.4092611
42.84458
0.1046783
42.88881
0.1235407
42.93324
0.2112177
42.98263
0.2804634
43.04749
0
43.08073
0
43.12606
0.1370561
43.17157
0.05233916
43.21251
0.6413296
43.26224
1.777072
43.3146
1.229397
43.36038
1.501678
43.4029
3.407777
43.44932
4.152185
43.49307
2.874329
43.54871
6.129127
43.59382
2.835313
43.6388
5.055825
43.68267
0.7898148
43.73023
1.372591
43.78175
1.236064
43.82962
2.042006
43.87366
4.973151
43.9206
5.08989
43.9624
4.27668
44.01884
2.23134
44.06538
3.079815
44.11063
3.217046
44.15231
1.8312
44.20047
2.734591
44.25161
2.69399
44.29622
1.808077
44.34332
0.9997552
44.38629
0.1690205
44.43263
1.869174
44.48093
2.098631
44.52304
1.65871
44.57892
3.07937
44.62007
3.303042
44.66586
1.340859
44.70936
2.208417
44.76689
2.555122
44.81221
1.220932
44.86142
0.5348573
44.90022
1.894549
44.94637
2.241579
45.0006
0.7957386
45.04499
2.66124
45.09096
0.6673463
45.13808
1.77012
45.18106
2.399554
45.23537
1.234163
45.28061
0.2601963
45.3254
1.241277
45.37126
1.025648
45.41706
1.138148
45.47322
0.5947903
45.51678
0.4945601
45.56017
0.5678623
45.60723
0.4383485
45.64983
0.3763854
45.69524
1.447668
45.75275
0.5308178
45.7944
2.66587
45.84184
2.779181
45.89786
7.979319
45.93923
1.20496
45.97515
1.769125
46.02778
2.531263
46.07457
1.299654
46.11912
3.116715
46.16533
3.298119
46.21692
2.254638
46.26435
4.557758
46.30958
2.486639
46.35135
1.78597
46.39785
2.82057
46.45506
0.8604831
46.50263
2.949554
46.544
4.569219
46.59052
2.302313
46.63151
1.795478
46.67714
1.182502
46.72137
0.4196478
46.77773
0.8156537
46.8234
0.6573014
46.86541
0.2631872
46.91435
0.6661724
46.96734
1.898264
47.01313
0.6952065
47.05986
1.069909
47.10059
1.842282
47.14408
0.3876539
47.19065
2.89205
47.24823
2.440639
47.2907
1.311942
47.33466
0.08156469
47.38036
0.8050289
47.43641
1.536715
47.48311
1.534549
47.52779
2.386057
47.57005
1.841006
47.61662
0.3102743
47.67419
1.208204
47.71829
0.4467493
47.75951
0.4977152
47.80503
0.01978234
47.85033
1.066612
47.89545
0.07401875
47.93932
0.3815487
47.99542
0.1219466
48.04095
0.8600281
48.08747
0.7745547
48.14087
2.154496
48.17135
0.513962
48.22803
4.719246
48.27423
2.06687
48.31822
0.7790887
48.36306
0.4374548
48.41848
1.166004
48.46482
0.2246844
48.51084
0.2586879
48.55513
1.803091
48.60041
1.416651
48.64156
0.1426525
48.68943
0.3316129
48.74389
1.160453
48.79149
0.7753122
48.8328
0.8343908
48.87965
0.5824909
48.92167
2.115813
48.97654
0.6243232
49.02253
0.5947903
49.06984
2.067249
49.11283
2.501707
49.15911
3.116338
49.2004
2.511857
49.25853
1.479887
49.30033
0.220287
49.34472
2.920005
49.39127
1.454546
49.43355
4.398014
49.49031
0.1101434
49.53993
3.826689
49.58205
1.865925
49.62867
3.641155
49.67048
1.828527
49.72712
0.2065338
49.77232
1.273493
49.814
2.838418
49.86164
0.1978235
49.91444
0.7878303
49.95892
0.2121421
50.00608
0.8074558
50.05236
3.262608
50.09411
1.430534
50.14292
1.735396
50.19435
0.6388841
50.24091
1.257411
50.29029
0.2832403
50.32854
0.360452
50.37248
0.9050379
50.41922
0.1153499
50.46556
2.451921
50.51846
2.767818
50.56241
1.303112
50.60887
1.465136
50.65448
0.614212
50.71085
0.6946434
50.75525
0.1506579
50.7972
0.09891172
50.8433
0.05233916
50.89057
1.231147
50.94155
0.2639296
50.98964
0.3083766
51.03255
0.454995
51.07858
1.097536
51.12563
0.2631872
51.16884
0.3000144
51.22467
0.6339648
51.26707
0.276953
51.31306
0.7545922
51.35812
0.2382111
51.39981
0.8945997
51.4441
0.7013714
51.50357
0.1724585
51.54609
0.2332305
51.59084
0.01978234
51.63755
0.1493534
51.68342
0.09065409
51.73513
0.3851218
51.7805
0.1136409
51.82458
0.3642322
51.87066
0.6170725
51.91678
0
51.97614
0.3856296
52.01754
0.9942597
52.05908
1.18366
52.10383
1.855513
52.15107
3.394537
52.19689
3.005503
52.25422
5.836032
52.29888
6.60435
52.3419
9.305504
52.38603
7.534291
52.42823
4.730026
52.48497
8.496667
52.53303
4.781228
52.5771
3.480541
52.62022
3.466393
52.66251
3.278292
52.71973
2.64375
52.76745
0.2373883
52.81165
1.614103
52.85413
0.5326577
52.9115
9.4245
52.95325
3.162917
52.99785
3.182047
53.04626
3.082547
53.08892
2.63923
53.13288
2.945702
53.17908
2.140095
53.23497
1.78235
53.28056
4.723063
53.32271
1.435996
53.36862
0.07401875
53.41198
2.876508
53.46755
0.5993783
53.51381
0.4735395
53.55995
0.3374619
53.60308
2.187043
53.6489
1.716802
53.701
2.460209
53.74743
1.506492
53.797
0.3566318
53.83833
0.06255726
53.88399
0.7391344
53.92552
0.2470816
53.98281
0.4965344
54.02791
0.2272819
54.07045
0.6189722
54.11751
0.3220336
54.17392
2.580127
54.21769
0.5341251
54.26353
2.316889
54.30525
0.6682253
54.35126
1.750442
54.40752
0.2755364
54.44997
0.1631294
54.49788
0.6391903
54.53948
0.04423466
54.58437
5.385797
54.64398
0.8469599
54.68808
1.134704
54.72897
3.11571
54.77645
5.684514
54.82038
4.624867
54.86644
2.838074
54.90857
4.229201
54.95436
3.867714
55.01414
4.998693
55.05582
0.4821389
55.09773
1.249292
55.14365
4.041378
55.20011
3.23404
55.24569
0.2783625
55.28769
0.3064671
55.33485
1.745404
55.37646
0.3871488
55.43615
1.722833
55.47909
1.154366
55.52601
1.904131
55.56726
0.9707584
55.6176
0.311533
55.67134
1.261605
55.71298
0.8784871
55.76088
0.3454843
55.81403
0.8654715
55.84834
0.6071628
55.9046
2.063363
55.94714
2.753922
55.9936
1.086425
56.03754
1.146883
56.08234
5.524745
56.13947
2.074054
56.18028
2.104963
56.23989
3.141366
56.28617
1.860569
56.3411
0.7279305
56.38242
5.936929
56.43266
0.9811842
56.47511
1.714749
56.51542
4.623469
56.57286
5.349655
56.61872
3.309733
56.66227
5.378187
56.70965
5.927413
56.75224
5.163081
56.79838
2.740741
56.85193
5.982713
56.89853
3.190771
56.93981
1.649719
56.99604
5.564684
57.04071
0.9859589
57.08778
2.815082
57.13515
1.186467
57.17757
1.890102
57.21939
0.02797646
57.27901
2.674447
57.31996
0.8182884
57.36692
1.009106
57.41454
0.9725708
57.46888
0.615167
57.51059
1.78597
57.5578
2.390974
57.5996
1.743497
57.64432
2.950947
57.70183
1.521357
57.74924
1.230034
57.79057
0.04845664
57.84
1.235589
57.88156
1.88076
57.93847
2.703274
57.98019
1.17203
58.0269
1.801028
58.07235
1.070275
58.11357
4.134365
58.17143
2.847851
58.21775
2.915107
58.26268
3.952402
58.30485
2.240706
58.35257
1.746413
58.39447
2.515673
58.44928
2.381788
58.49512
4.929587
58.54123
0.1251145
58.58223
1.617131
58.63917
3.943027
58.68442
0.2382111
58.73046
0.9916978
58.77564
1.130039
58.82207
2.15004
58.86176
1.370022
58.9088
1.627385
58.96534
1.9108
59.00674
0.6361217
59.05617
2.015283
59.09802
1.637694
59.14553
1.368021
59.1875
7.320112
59.24332
1.9882
59.28776
2.249337
59.33457
2.807701
59.37677
1.974966
59.43182
3.196778
59.47678
0.4405747
59.52276
0.8313365
59.56602
1.143466
59.613
2.382445
59.65736
1.506752
59.71365
0.9208986
59.75921
0.7981939
59.80002
1.328985
59.84612
1.008525
59.89125
0.1791368
59.9377
3.187579
59.98995
0.2556444
60.03541
0.5733491
60.0793
0.08392937
60.12668
1.006388
60.17317
0.268341
60.22838
1.091995
60.2728
0.6867107
60.31379
0.2601963
60.35924
1.045488
60.40669
0.3815487
60.44828
0.4063823
60.508
0.9402443
60.54879
1.255853
60.59545
0.02797646
60.64122
0.6324196
60.68569
1.115222
60.74175
0.6755064
60.77209
0.6286958
60.82826
1.941385
60.87596
1.465136
60.92074
3.219965
60.96321
1.883463
61.01929
2.542143
61.06538
1.773323
61.10939
1.331633
61.15552
0.07661668
61.19928
0.8593453
61.25347
0.7850935
61.29925
0.2046302
61.34054
0.5500081
61.3876
1.051274
61.43348
0.6214961
61.49269
0.5457222
61.53489
0.4656223
61.57549
1.219007
61.62215
0.1938267
61.66921
1.454546
61.71512
1.915608
61.76801
0.772531
61.81481
0.8838168
61.85823
1.464067
61.90316
0.3304307
61.94445
0.2712421
62.0013
0.6318005
62.04908
0.7038778
62.0944
1.996844
62.13617
1.923561
62.18391
0.4405747
62.23784
0.7740492
62.27949
0.1758294
62.32645
0.5640592
62.37352
1.607299
62.4151
1.702724
62.46367
0.09278741
62.51402
1.004831
62.56086
0.3058279
62.60731
0.01978234
62.64888
0.3527702
62.69579
0.1678588
62.7499
0.2036718
62.79664
0.4471871
62.83856
0.08392937
62.88818
0.1701742
62.94285
0.1101434
62.98496
0.09691329
63.03138
0.5507192
63.07642
0.6138933
63.12005
0
63.17459
0.5143426
63.22018
0.2264194
63.26242
1.875654
63.31326
2.287644
63.35542
1.21997
63.40094
0.4788812
63.45628
0.709416
63.49777
1.720105
63.54237
2.076411
63.58907
1.591024
63.63526
1.556957
63.68851
1.149269
63.73367
1.428618
63.78047
0.8935054
63.82253
0.5661368
63.86708
0.343781
63.92352
0.414487
63.96801
0.8379012
64.01239
1.581524
64.06107
0.1027921
64.10038
1.1366
64.15622
2.063932
64.20334
1.148077
64.25036
0.2102893
64.29346
0.9396197
64.33823
1.921932
64.3799
0.7873334
64.43777
1.932696
64.48056
1.547249
64.53135
1.714977
64.57333
2.575571
64.61501
3.570783
64.6608
3.117657
64.71713
5.64542
64.7615
4.811452
64.80931
4.781146
64.85101
4.000712
64.89787
5.110174
64.95363
8.034606
64.99677
4.243948
65.04334
1.232576
65.08557
6.130502
65.14246
10.61508
65.18408
4.228645
65.22919
6.390312
65.28465
9.937847
65.32497
23.56702
65.37119
30.47526
65.41344
65.89528
65.46668
29.31511
65.51556
9.1263
65.55629
8.061
65.6012
6.653754
65.6562
3.710193
65.70763
2.427532
65.74868
1.981397
65.79564
1.176031
65.83906
0
65.88284
1.071919
65.92373
1.304313
65.98269
0.9312522
66.02317
0.7217214
66.06881
0.4441136
66.11327
0.6807005
66.16707
0.6516207
66.21404
0.5154827
66.25941
0.7895671
66.30569
0.5453635
66.34763
1.124484
66.39172
0.4233615
66.45178
0
66.49624
0.4419051
66.54183
1.030976
66.58333
1.392829
66.63754
0.7222635
66.697
2.236159
66.73753
25.3656
66.78105
28.47411
66.82613
1.683653
66.88621
10.74314
66.92672
2.178436
66.97508
2.543913
67.01519
48.77325
67.06434
98.47848
67.12853
24.61895
67.15012
60.32037
67.20808
10.13974
67.25372
95.99166
67.29939
2.116091
67.341
15.87075
67.38603
36.50773
67.44151
43.07161
67.48869
11.91684
67.53001
4.434293
67.57814
9.655612
67.61933
4.482662
67.66661
1.404999
67.72398
12.11134
67.76632
122.4054
67.80969
6.509154
67.85628
29.4282
67.903
18.19267
67.94492
138.1973
67.98842
46.05464
68.04562
37.52938
68.09081
21.5574
68.13601
44.67882
68.18418
6.846991
68.23557
0.9147157
68.27757
5.116382
68.32381
2.829439
68.37167
1.465937
68.41663
3.043111
68.45808
0.6688108
68.51386
2.877596
68.55939
0.9783881
68.6048
0.4374548
68.65188
3.20534
68.6963
2.31486
68.74749
2.737453
68.79688
0.2668786
68.83885
1.965928
68.88523
0.5348573
68.92617
0.6602717
68.98278
0.4957456
69.02778
0.9745807
69.07449
2.454314
69.11542
0.4187142
69.16301
1.529311
69.20752
2.762509
69.26405
3.85991
69.30602
2.558185
69.3514
2.437028
69.39709
5.47994
69.44344
2.574583
69.49933
5.306848
69.54372
1.036465
69.58912
2.156584
69.63299
1.952142
69.68515
0.4685547
69.73094
0.2525642
69.77534
0.9450188
69.82398
0.7561465
69.86519
0.14537
69.91019
12.64136
69.96703
9.253722
70.01066
5.3535
70.05631
0.06852804
70.10137
0.709416
70.14365
0.02797646
70.19898
0.403483
70.23251
0.758472
70.28826
0.8230571
