0
166.0219
0.7727159
77.6256
0.8156297
71.9868
0.8679075
64.99995
0.9175937
57.68283
0.9594079
52.70671
1.00664
47.91425
1.048569
42.71745
1.094918
38.14606
1.150972
32.35857
1.192352
28.08633
1.239883
23.57712
1.281418
21.29315
1.337626
19.28894
1.383345
18.45049
1.430525
17.66803
1.472253
16.87143
1.519793
16.5065
1.571913
16.19554
1.618139
16.37177
1.665064
16.25821
1.70547
16.07877
1.756124
15.38111
1.807287
14.07954
1.853057
13.24221
1.899319
12.55564
1.939655
12.0197
1.998425
11.24831
2.029408
10.59836
2.088565
9.493989
2.132677
9.066962
2.17784
8.501566
2.224263
8.131152
2.274107
8.08539
2.322605
8.01114
2.369729
8.043201
2.409999
8.072316
2.454652
7.961981
2.500682
7.572611
2.553615
7.482491
2.600976
7.69845
2.646463
7.584393
2.691684
7.549512
2.749098
7.220425
2.792598
6.741889
2.832808
6.460774
2.878422
6.094646
2.934922
5.280344
2.979471
4.59832
3.026143
3.663564
3.07241
2.545913
3.112163
2.49787
3.15739
2.822651
3.201957
2.989044
3.248065
3.03738
3.303663
2.950416
3.348961
2.889273
3.391893
2.948425
3.438816
3.375857
3.483369
3.700417
3.540833
3.732765
3.583989
3.670292
3.626534
3.442986
3.674428
3.301441
3.719051
3.227253
3.762911
3.081658
3.808749
2.757047
3.86434
2.568265
3.909461
2.255332
3.954243
2.105149
3.997158
1.722833
4.053274
1.399697
4.098329
0.9673254
4.142654
0.4764233
4.191051
0.315899
4.242395
0.2112177
4.288189
0.4316007
4.333514
0.8060005
4.377465
1.04605
4.420655
1.42807
4.465512
1.777402
4.520992
2.272537
4.569041
2.551289
4.611457
2.777631
4.658164
2.917724
4.712004
3.140992
4.754194
4.586676
4.801503
5.113816
4.847147
5.209475
4.893297
7.204458
4.944597
14.65744
4.981099
19.22144
5.033328
21.7903
5.080708
20.00113
5.127978
19.07384
5.169902
22.24519
5.213755
27.99105
5.27068
24.06867
5.316841
26.88929
5.362363
26.23223
5.406567
27.42355
5.459445
28.24467
5.50631
29.10284
5.551595
30.09082
5.592545
30.63695
5.640217
29.71777
5.686727
29.30184
5.72739
28.54355
5.784263
27.42064
5.829808
26.25183
5.874884
24.7914
5.919875
22.80752
5.974542
20.51394
6.017763
20.26474
6.064395
20.62498
6.110815
20.18561
6.162107
19.67931
6.207959
18.19258
6.252934
18.54032
6.299087
18.74257
6.344426
17.46492
6.390145
16.14775
6.433294
16.98173
6.489016
18.11588
6.532217
18.74853
6.575603
19.59127
6.624627
20.66465
6.677285
21.16301
6.725008
21.21474
6.768177
19.11928
6.810158
19.55212
6.859341
19.92218
6.91111
18.36566
6.95677
18.08871
7.002883
17.2989
7.046455
18.69553
7.093271
18.52347
7.145684
17.06076
7.192264
14.83016
7.237279
13.74975
7.279128
12.33158
7.325851
7.761773
7.382396
0.6183397
7.427305
5.770305
7.469939
10.41918
7.5144
13.03802
7.56115
21.45192
7.602757
26.84316
7.658371
33.7517
7.705618
39.03413
7.752216
41.61454
7.794658
47.36184
7.838337
50.27853
7.88667
52.53458
7.929042
55.57331
7.986811
58.39506
8.028251
62.29169
8.073897
68.16928
8.119891
73.3695
8.161527
75.91334
8.218118
76.41822
8.261986
76.53728
8.308256
78.09158
8.354158
79.20318
8.401094
82.50761
8.454264
81.48621
8.499665
80.73253
8.545537
81.80191
8.587694
80.52213
8.63418
80.60173
8.678253
80.54885
8.724719
77.65678
8.777611
76.91756
8.823723
76.07365
8.868489
77.44579
8.910751
78.40033
8.958391
76.15337
9.011561
73.71548
9.056759
71.35682
9.102454
70.79955
9.149435
70.32114
9.190064
68.4254
9.234237
65.38416
9.293018
61.89658
9.336081
61.66628
9.384917
57.63926
9.426886
54.88713
9.483093
49.29494
9.518306
45.56762
9.569508
41.59984
9.615069
37.02275
9.661379
31.26665
9.717962
26.6662
9.762739
25.21115
9.807669
23.80416
9.851199
21.53796
9.898835
17.05941
9.941409
13.70288
9.993554
10.01247
10.29682
4.442766
10.30833
3.478515
10.31966
3.086609
10.33238
3.170891
10.34404
3.236037
10.3573
3.370052
10.36893
3.596735
10.37437
3.670078
10.41241
2.604515
10.47102
0.9472937
10.50958
0.3727285
10.55409
5.327927
10.59925
8.033824
10.64687
5.140527
10.69155
6.95463
10.74431
6.379687
10.78995
6.9337
10.83528
6.046108
10.88283
6.276167
10.92065
1.716232
10.97906
4.164195
11.02305
6.515326
11.07061
10.904
11.12382
14.92142
11.15883
20.44141
11.20059
25.99848
11.25697
33.0028
11.30046
39.08033
11.351
45.00526
11.39505
48.81774
11.45228
47.96455
11.49181
52.82407
11.53945
56.98695
11.58424
59.35646
11.62813
60.8393
11.68027
66.37009
11.7302
71.56169
11.77166
74.77925
11.81926
78.339
11.86674
79.80289
11.90462
83.56525
11.96115
83.98377
12.01293
91.19346
12.05416
96.99664
12.10344
98.05309
12.1499
99.41245
12.19999
100.55
12.24033
100.7928
12.28777
99.73103
12.33139
100.5053
12.37801
100.6125
12.43277
97.52333
12.48073
99.15085
12.52166
96.53865
12.56686
94.04961
12.61299
95.76625
12.65993
94.29057
12.71358
93.3998
12.76054
89.38973
12.80213
86.63457
12.85068
85.20035
12.90118
81.24934
12.94855
77.89057
12.99222
74.83762
13.03708
73.1825
13.09203
71.00566
13.13354
69.38336
13.17922
66.98882
13.22643
63.98555
13.28416
60.91967
13.32648
57.55872
13.37218
54.92005
13.41708
52.43127
13.46501
52.80951
13.50746
52.6019
13.55999
53.74023
13.60476
56.97025
13.65321
52.55654
13.69543
49.33538
13.73983
50.66669
13.78249
50.54296
13.8396
48.1998
13.88095
43.45477
13.92875
41.81994
13.97021
40.00129
14.01515
37.56865
14.05989
34.93932
14.10695
32.02682
14.16493
34.80204
14.20609
34.14474
14.25036
30.76401
14.29501
30.91216
14.33808
30.54897
14.38563
27.83146
14.4428
28.31722
14.48618
34.31926
14.53532
32.27921
14.57421
32.97438
14.63347
34.6357
14.67462
35.39568
14.71996
34.64261
14.76422
35.52649
14.81999
35.24661
14.85514
37.38317
14.91148
36.75554
14.9528
32.69412
14.99861
33.25846
15.04521
31.52757
15.10145
31.74629
15.14468
32.333
15.19315
34.50814
15.23322
32.4155
15.27956
29.80323
15.34105
29.43063
15.38186
27.12124
15.42612
26.91347
15.47139
25.27431
15.51246
24.24837
15.55925
22.31353
15.61551
20.98305
15.65934
19.83116
15.70626
18.90765
15.75342
17.34652
15.7931
14.94474
15.83772
13.51549
15.89396
13.59665
15.93706
15.38595
15.98309
15.01885
16.02865
15.83561
16.07313
14.02074
16.11772
12.20179
16.17697
15.92557
16.21736
16.26168
16.26266
16.96579
16.30755
19.73386
16.36228
21.17998
16.40869
24.56886
16.45367
24.43819
16.49881
26.76102
16.54037
27.55282
16.59765
26.47592
16.64304
27.43474
16.68894
27.92753
16.73165
28.2743
16.78831
30.05833
16.83316
30.80763
16.87546
31.63962
16.92072
31.85638
16.9677
32.19376
17.01359
33.01345
17.05406
32.81923
17.1098
32.20989
17.1568
31.79825
17.20372
31.76783
17.24322
31.24107
17.2907
30.44019
17.34804
28.09692
17.39302
24.60325
17.44749
21.12402
17.48088
19.00365
17.5277
16.16748
17.57244
10.52491
17.61498
3.461984
17.67103
4.08816
17.71499
11.71501
17.76295
15.35018
17.80443
16.09391
17.86011
27.84507
17.90561
33.06485
17.95128
31.00559
17.99224
29.19192
18.0384
29.74493
18.09453
33.91244
18.13945
35.73106
18.19069
34.9949
18.2308
35.29507
18.27506
36.0298
18.32856
35.38058
18.37485
31.34155
18.41908
28.91146
18.4613
25.4714
18.51745
22.64586
18.56572
20.17458
18.60803
19.86185
18.65446
16.76356
18.69765
14.31751
18.75301
9.151285
18.79516
2.23922
18.84198
1.702609
18.8895
0.6029587
18.93066
3.700999
18.99122
8.486792
19.0305
10.19723
19.07904
9.153861
19.12078
6.725346
19.17918
1.453604
19.21965
2.293455
19.27058
1.808618
19.31427
1.158934
19.35349
3.012724
19.41561
1.499069
19.45897
2.794773
19.50433
1.725557
19.54651
3.029765
19.59221
4.226839
19.64508
4.378509
19.69118
3.192366
19.73605
2.322711
19.78041
2.662784
19.84565
2.461163
19.89109
2.830891
19.93499
0.8360308
19.98416
0.5399548
20.02603
7.960329
20.08108
3.80992
20.12623
6.530778
20.17346
7.496221
20.21432
8.847799
20.26121
12.50779
20.30454
8.75504
20.36079
7.164618
20.40687
4.523073
20.44895
5.822213
20.49635
2.915174
20.55291
3.084578
20.59811
3.953393
20.63952
3.178846
20.68436
1.083178
20.74162
3.782064
20.78662
3.14983
20.8353
3.841959
20.87479
3.970791
20.92147
3.44526
20.96252
5.312273
21.00977
4.687802
21.06757
6.681901
21.11179
9.179543
21.1563
6.439981
21.19981
7.516063
21.25498
5.0012
21.2999
3.339061
21.34359
4.258552
21.38811
3.787083
21.43242
3.180016
21.47932
2.630836
21.52611
2.658075
21.57772
3.966004
21.62278
3.440825
21.66847
2.800441
21.71583
2.690064
21.76947
2.746092
21.7993
2.770999
21.85529
3.78253
21.90043
3.010384
21.94654
2.005743
21.99423
1.854036
22.04881
1.410837
22.09078
1.609976
22.13658
1.464067
22.1821
1.132115
22.22951
1.162811
22.2834
0.7775803
22.32447
0.1046783
22.37563
0.5424856
22.41786
1.091457
22.46148
1.729861
22.51956
2.085346
22.56496
2.588609
22.60944
2.57709
22.6541
2.39833
22.69609
2.575267
22.75001
2.91712
22.79637
3.281157
22.84375
3.43627
22.88687
3.325195
22.92897
3.132066
22.98584
2.829923
23.03285
2.604966
23.07731
2.817862
23.11884
3.384082
23.16733
4.087776
23.22012
6.400614
23.26659
5.877733
23.31278
7.235787
23.35423
11.43316
23.41128
16.57249
23.45726
18.64722
23.50048
20.47815
23.54183
23.35638
23.58884
24.47653
23.63372
25.97844
23.69204
29.59979
23.73427
34.90276
23.77771
36.82422
23.82528
35.90248
23.86738
36.68578
23.92649
41.1877
23.96714
44.13771
24.01347
44.88962
24.06059
46.14539
24.10525
45.28477
24.15689
47.39192
24.20344
47.4864
24.24987
44.79794
24.29351
43.84951
24.33686
44.89277
24.39258
44.48656
24.43737
44.4611
24.48477
44.38025
24.52719
46.01312
24.57044
47.60637
24.61633
51.14261
24.66274
55.08736
24.71616
50.24548
24.76331
48.38528
24.80548
48.59406
24.85145
48.89217
24.90573
49.83398
24.95198
51.97558
24.99488
52.13469
25.04133
45.65083
25.08822
44.51045
25.14136
44.64037
25.18786
42.58977
25.22935
41.60811
25.2762
39.20923
25.31991
37.37619
25.3631
34.38823
25.42007
27.57867
25.46709
23.85954
25.51141
27.13829
25.55305
22.43134
25.61035
19.54371
25.65411
19.54412
25.70183
16.85833
25.74388
14.56256
25.79085
13.48601
25.84441
12.85935
25.89303
11.80227
25.93739
13.8419
25.97925
16.23399
26.02608
19.72267
26.07801
23.9976
26.12691
24.88454
26.16893
23.99295
26.21521
27.37307
26.25813
28.70377
26.31294
28.68554
26.35908
29.74121
26.40569
30.57255
26.46141
30.94135
26.50467
30.70173
26.54847
31.52397
26.59503
32.18927
26.63643
32.73944
26.69343
33.50697
26.73785
34.72791
26.78305
36.19854
26.82923
37.57862
26.87399
40.22077
26.91854
41.86014
26.96424
42.63837
27.00656
44.22231
27.05242
44.9882
27.10917
42.83026
27.15418
41.51375
27.21029
42.69915
27.24148
42.56038
27.2887
41.10797
27.34411
41.9983
27.38632
42.67295
27.43398
44.14122
27.47793
43.55796
27.53398
43.31991
27.57634
42.63859
27.62371
42.00134
27.66903
35.51695
27.71049
34.7469
27.75566
31.9964
27.81168
30.61223
27.8543
29.10517
27.89957
29.18125
27.94413
32.32929
27.99228
34.66359
28.04325
37.47341
28.09178
38.19768
28.13617
37.94697
28.17774
37.78241
28.22608
36.81316
28.28259
37.06377
28.32404
36.36229
28.36802
36.41974
28.4145
36.52151
28.46015
36.22961
28.50238
36.57287
28.56226
38.56182
28.60371
38.86314
28.64966
40.81071
28.69356
40.90828
28.74807
39.68018
28.79359
42.76995
28.83939
43.55955
28.88222
43.50494
28.9389
44.96906
28.98675
45.04173
29.0288
45.54503
29.07578
46.55872
29.12301
48.67717
29.16439
48.16672
29.2195
48.17256
29.26442
49.91828
29.30597
50.12416
29.35367
50.01251
29.395
47.9809
29.44087
46.76056
29.49783
44.31388
29.54348
45.24935
29.58735
46.48966
29.6322
46.19715
29.68781
46.6286
29.73511
48.35526
29.7828
47.61693
29.82551
47.29832
29.86812
47.55059
29.91249
46.65182
29.96937
42.83561
30.01519
43.18421
30.06412
44.10283
30.10339
42.78723
30.1452
42.19511
30.18928
41.66016
30.24378
41.7082
30.29116
39.49088
30.3352
39.86728
30.38145
39.56207
30.43615
39.5624
30.4824
38.94125
30.52784
38.71756
30.57074
38.29374
30.61857
37.83958
30.66013
37.62331
30.71509
36.89901
30.76187
37.15176
30.80559
37.18881
30.85242
38.95147
30.90361
42.28032
30.95172
41.07164
30.99594
39.86107
31.03915
41.75065
31.08531
43.01373
31.12745
44.55874
31.1867
43.35535
31.22785
43.81226
31.27345
44.12065
31.31972
44.13181
31.36549
42.91962
31.41856
38.24005
31.4642
36.99913
31.50789
38.03369
31.55507
38.5415
31.59982
37.29593
31.64203
37.45534
31.69971
37.56411
31.74165
36.87045
31.78933
33.43849
31.83424
31.93288
31.87659
32.94921
31.92201
31.2254
31.98266
30.16023
32.02156
31.16183
32.06858
30.57887
32.11486
30.64781
32.15684
31.88528
32.21009
32.70314
32.25507
34.00105
32.30343
36.27
32.34388
38.54948
32.39349
39.22966
32.4359
38.55026
32.49955
38.51201
32.53823
40.16795
32.57981
41.54572
32.64606
41.01955
32.69296
43.92635
32.73492
47.11568
32.78252
44.79744
32.82697
45.12175
32.8837
47.38222
32.92617
45.78014
32.97365
43.45309
33.01837
41.84557
33.06131
38.57262
33.11876
38.76003
33.1593
38.4174
33.20437
36.90422
33.24956
37.73348
33.29601
38.26365
33.34181
38.89077
33.40022
39.37541
33.44404
39.27975
33.48653
38.9186
33.52876
39.20227
33.57378
38.9736
33.63232
38.40208
33.67398
38.05077
33.72057
38.20243
33.76665
38.53123
33.81997
38.58511
33.85478
38.61999
33.91219
38.74818
33.95635
38.8572
34.00149
40.55169
34.04568
42.38007
34.10215
42.94251
34.14309
45.47076
34.18943
47.43862
34.23295
47.23568
34.27908
44.23301
34.32306
43.90551
34.38135
42.555
34.42442
42.9796
34.46627
44.49677
34.51303
44.47069
34.5594
45.78381
34.61497
45.61909
34.65629
45.5215
34.70366
45.45896
34.7464
43.85851
34.80478
42.98387
34.84936
40.18483
34.89169
38.11893
34.93855
37.64954
34.98223
36.99243
35.02789
36.53668
35.08347
36.25357
35.12938
36.9057
35.17151
36.80807
35.21827
37.22572
35.26184
37.23101
35.30748
38.16827
35.36461
38.76801
35.40577
38.41634
35.45578
38.01968
35.49803
38.70097
35.54029
39.88097
35.59635
39.50932
35.64054
39.61633
35.68718
39.97212
35.73441
41.38007
35.77543
41.24253
35.83335
42.19816
35.87789
42.78317
35.92321
43.11268
35.96439
42.87263
36.0117
42.69847
36.06681
42.17263
36.10853
41.54623
36.15482
40.686
36.20163
39.47062
36.24461
39.32581
36.29059
38.1671
36.33656
35.58574
36.39112
34.02319
36.43896
37.22331
36.47969
38.03757
36.52542
40.40657
36.57846
41.07724
36.62582
40.35641
36.6673
39.92668
36.71314
38.95946
36.75732
37.6853
36.80201
36.80101
36.8596
35.23161
36.90503
34.38794
36.95004
35.60675
36.99578
34.79593
37.05038
36.94065
37.09303
39.6179
37.13867
39.58708
37.1809
39.68486
37.22565
39.76456
37.27408
41.27751
37.32962
40.17967
37.37201
41.57136
37.4199
42.14395
37.46384
41.56468
37.5086
42.5781
37.56008
42.93649
37.60648
44.36283
37.65659
43.60574
37.70006
40.60018
37.74207
39.80894
37.79763
39.1944
37.84151
36.91164
37.88565
36.90715
37.93274
36.0252
37.97461
35.85664
38.03098
35.68041
38.07434
33.61679
38.12213
34.10175
38.1634
33.57805
38.21289
32.20482
38.27126
33.54512
38.31239
35.33159
38.35389
36.75964
38.39942
37.37442
38.44604
38.69154
38.48973
39.36509
38.54702
40.17849
38.58806
40.84463
38.63283
41.1404
38.68182
37.85471
38.72368
36.06778
38.77118
39.74399
38.82228
38.7943
38.86989
37.67255
38.91443
39.06915
38.96078
39.99241
39.00261
42.89307
39.04835
42.67403
39.10421
46.6107
39.14701
48.97812
39.19295
48.14592
39.23869
46.98697
39.28411
46.20011
39.33009
46.5743
39.37113
47.37916
39.4269
47.90445
39.47381
47.39939
39.51769
46.0563
39.56328
47.89072
39.61562
48.59484
39.66145
47.39354
39.70485
43.79788
39.75139
40.74481
39.79687
38.80091
39.85078
36.06445
39.89913
38.80178
39.94087
36.73557
39.987
37.40179
40.03386
39.81131
40.08478
40.00866
40.13481
41.33971
40.17505
41.5216
40.21854
41.61864
40.2645
41.42615
40.31208
41.46313
40.3536
40.52662
40.41011
39.43747
40.45484
38.67169
40.4991
37.99264
40.5453
37.01652
40.59013
36.48245
40.64505
36.17222
40.68051
36.05477
40.73217
37.0419
40.7778
38.02407
40.82304
38.14826
40.88201
38.32541
40.9255
38.80404
40.97042
39.63533
41.01614
38.79827
41.06072
38.15379
41.11476
37.0555
41.15956
38.39171
41.20419
39.20229
41.24909
43.73969
41.29337
41.70424
41.34909
41.67496
41.39466
43.53378
41.43684
42.21571
41.48483
41.09358
41.52836
38.29663
41.58474
38.60291
41.62665
36.61813
41.67406
34.94971
41.71706
37.87202
41.76354
38.05381
41.80555
37.66404
41.86227
35.85016
41.90867
31.67743
41.95264
27.97793
41.99831
26.0973
42.03968
28.2651
42.09606
26.0619
42.14362
26.79206
42.18648
28.08916
42.2325
30.62178
42.27853
33.89113
42.3331
32.19149
42.37492
31.40418
42.42174
34.68652
42.46767
33.62859
42.51018
34.25918
42.56968
35.22184
42.61113
35.54271
42.65806
36.09031
42.69905
37.11499
42.74832
37.48191
42.78923
38.18578
42.84612
38.70188
42.89227
39.05727
42.93602
38.97508
42.98208
38.08612
43.04709
37.11366
43.07891
36.6764
43.12429
36.30293
43.16826
36.29824
43.21362
35.69524
43.25891
33.99927
43.31308
32.67102
43.35983
31.07967
43.40434
27.67659
43.44842
23.58124
43.49505
20.80396
43.54973
15.33338
43.59242
13.87981
43.63855
10.66636
43.68343
10.52383
43.72955
12.7955
43.78496
12.91147
43.82713
11.9838
43.8728
8.248455
43.91928
4.400774
43.96254
0.7545922
44.02004
0.9532654
44.06522
3.598586
44.11026
6.054467
44.15263
5.901031
44.19839
4.551006
44.25518
3.559525
44.29632
4.161701
44.34239
5.254379
44.38571
5.34885
44.4337
7.077315
44.47976
9.154376
44.52119
10.84399
44.57875
14.0817
44.61943
17.54733
44.66848
18.86974
44.71002
20.88065
44.76554
23.03835
44.81253
23.95426
44.85859
24.20369
44.90154
25.84325
44.947
27.98226
45.00175
27.98803
45.04786
29.78998
45.09249
29.64552
45.13774
26.43285
45.18104
27.4366
45.23771
26.29653
45.28307
23.60249
45.32425
21.79729
45.37346
18.27147
45.41633
16.38349
45.474
12.03875
45.51624
8.756991
45.5633
5.001396
45.60284
1.241593
45.64983
2.11988
45.69567
3.073452
45.7523
4.580949
45.79779
8.488157
45.83722
6.956689
45.89384
16.35465
45.9399
16.20482
45.97174
14.82229
46.03111
16.96851
46.07624
17.26476
46.11885
19.08818
46.16396
14.45271
46.21964
10.35273
46.26263
3.866093
46.30909
5.099581
46.35566
5.726697
46.3985
2.779392
46.45419
3.16978
46.49709
0.06255726
46.54295
4.714636
46.59125
2.634777
46.63205
1.029646
46.67896
2.40257
46.72113
2.123109
46.77748
3.154674
46.82269
2.702116
46.86831
3.11728
46.91048
3.7802
46.96681
5.660085
47.0109
5.059815
47.05839
4.091224
47.09934
6.012065
47.14521
6.364733
47.19498
9.357611
47.24662
11.81285
47.29306
10.37553
47.33462
9.878046
47.38104
8.581101
47.43641
9.466952
47.48285
7.482229
47.5239
4.581206
47.57094
5.443089
47.61536
4.782539
47.66959
2.351186
47.7242
2.070843
47.76189
0.8980926
47.8153
0.2980514
47.85083
1.342901
47.89931
1.71965
47.93861
2.356092
47.99495
2.441521
48.04048
3.308372
48.08429
4.139478
48.14042
6.085246
48.17165
5.551744
48.22788
0.844183
48.27285
1.843556
48.32107
0.4893896
48.36184
0.06852804
48.42122
1.893102
48.47075
1.883463
48.50983
1.596181
48.55598
6.746106
48.59931
7.90393
48.64347
10.15637
48.68932
9.676135
48.74136
5.969199
48.78779
2.177806
48.83225
1.426973
48.87799
0.05595291
48.92598
0.7942618
48.97749
1.448479
49.02355
2.221582
49.0691
6.045005
49.11083
4.86341
49.15771
3.409902
49.20382
7.316545
49.25968
10.77461
49.30066
12.23672
49.34912
9.832774
49.39104
10.91125
49.44051
14.58864
49.49371
13.10082
49.53746
8.5387
49.57962
6.225638
49.62783
8.782437
49.67053
5.568099
49.72917
3.114767
49.77547
0.03426402
49.81811
0.8822656
49.85855
1.684234
49.91864
5.076631
49.96012
7.738676
50.00632
9.080973
50.05177
7.513922
50.0966
7.983968
50.13955
10.91376
50.19735
12.74924
50.24188
14.39611
50.28396
14.7932
50.3311
15.03153
50.3755
13.53597
50.41702
13.03881
50.462
15.43075
50.52002
12.53415
50.56692
10.46341
50.61098
9.634638
50.65562
7.583178
50.70812
2.448646
50.75544
1.063673
50.79781
3.908408
50.84369
6.082378
50.8882
6.8369
50.94736
7.755043
50.98977
8.311251
51.03093
7.467555
51.07984
5.64719
51.12391
4.063655
51.16796
2.803655
51.2221
1.163484
51.27105
0.3310224
51.31268
0.7322189
51.35891
0.3886621
51.40054
0.2887141
51.44598
0.01978234
51.50281
0.1027921
51.54993
0.1724585
51.59382
0.234068
51.6357
0.2748253
51.68294
0.3226406
51.74208
0.5706123
51.78066
0.2733977
51.82393
0.3019647
51.87269
0.1398823
51.9142
0.1480375
51.97231
0.7287365
52.01727
0.2112177
52.05888
1.233846
52.10764
2.725916
52.15004
5.979862
52.19279
8.963111
52.25364
11.37878
52.29442
16.78365
52.34163
25.5495
52.38319
31.19431
52.43216
34.04917
52.4872
41.34756
52.52942
45.79674
52.57724
48.32149
52.62681
51.53508
52.66692
53.34647
52.73096
52.36207
52.76676
48.54385
52.80991
42.58934
52.8562
38.54303
52.91123
41.48574
52.95366
39.5979
52.9998
38.50121
53.04685
38.42023
53.09144
38.68116
53.13482
39.26121
53.17819
38.1172
53.23171
32.34818
53.28146
33.73735
53.32505
32.35445
53.36873
29.23937
53.41179
28.31366
53.47031
23.299
53.51393
18.55988
53.55851
15.00076
53.60509
10.00962
53.64801
9.513494
53.70152
5.250835
53.75002
3.977984
53.79222
3.750036
53.84036
3.85275
53.88208
4.767154
53.92644
4.577313
53.98327
4.917371
54.02588
5.085616
54.07245
7.465085
54.1181
7.826466
54.17061
6.524469
54.22099
7.235761
54.26577
3.552918
54.31172
1.042489
54.35649
2.300272
54.4083
3.735073
54.45307
4.545364
54.50153
4.358963
54.54015
5.008168
54.58649
10.43986
54.64487
10.88097
54.68601
12.291
54.73197
14.59338
54.77469
19.13084
54.82103
22.50362
54.86322
24.38676
54.90782
28.02049
54.95523
30.75621
55.01194
34.10557
55.05515
31.89251
55.09712
31.1195
55.14252
32.90511
55.20048
32.06043
55.2432
28.84007
55.2907
25.76641
55.33716
24.57703
55.37815
20.84508
55.4385
17.5713
55.48365
14.60486
55.52872
8.471228
55.57062
5.781572
55.61546
3.124995
55.67051
0.393167
55.72104
0.3274564
55.76037
1.07974
55.81842
2.567655
55.85226
3.285331
55.9038
5.11665
55.94664
7.86886
55.99395
9.093622
56.03664
10.53373
56.08494
16.63975
56.13937
18.6639
56.18309
20.32057
56.24225
22.86583
56.28473
21.66135
56.34042
18.23108
56.38278
21.47081
56.42971
19.54587
56.47317
19.26225
56.51851
22.1205
56.57593
25.00169
56.62259
26.21928
56.66339
28.97335
56.71006
32.39565
56.75419
34.6061
56.7965
35.11504
56.85648
38.13464
56.89641
39.07301
56.94572
37.44575
56.99836
40.36067
57.04266
37.83171
57.08531
38.03278
57.13373
36.55778
57.1775
35.72228
57.22028
32.99603
57.27705
26.35409
57.32327
24.94487
57.36873
24.31814
57.41516
23.0077
57.46659
19.9295
57.51014
19.12284
57.5575
12.82351
57.60189
7.414577
57.64398
5.93792
57.69998
1.34712
57.75159
0.03956468
57.7901
0.3599087
57.83739
1.063489
57.87976
2.630911
57.93921
4.263194
57.98135
4.335625
58.0253
4.727665
58.07164
4.147938
58.11578
7.468816
58.17215
9.65604
58.21475
5.700524
58.26103
8.701658
58.30276
9.675057
58.34956
10.23818
58.39867
12.57026
58.44897
15.19632
58.49568
20.07645
58.54169
19.72279
58.5839
21.09018
58.64318
21.64129
58.68905
18.95902
58.73234
17.60909
58.77363
14.16457
58.81664
14.03097
58.86447
12.51489
58.9068
12.0146
58.96655
11.17082
59.00751
8.558274
59.05278
8.737387
59.09954
5.027924
59.14222
4.940861
59.1893
10.97345
59.24038
11.17607
59.28949
7.549174
59.33025
8.995232
59.37928
9.20987
59.43248
4.27668
59.47882
2.463628
59.52033
0.3357179
59.56541
1.430124
59.61551
1.048852
59.6558
2.676349
59.71053
2.011492
59.76505
3.735754
59.8061
6.075832
59.84739
7.998363
59.89093
8.735139
59.93407
6.375537
59.99345
7.361514
60.0342
8.183885
60.07901
8.542449
60.12596
10.50781
60.17126
10.1326
60.23101
10.91315
60.27456
10.00384
60.31867
10.0594
60.35818
10.79164
60.40387
10.52375
60.4512
9.777184
60.50768
8.899736
60.54984
7.78485
60.59661
7.522692
60.63989
7.509011
60.68692
5.832438
60.73956
4.796895
60.77616
3.965461
60.83101
1.497502
60.87322
0.4370072
60.92009
3.861025
60.96311
2.1071
61.01934
0.4068635
61.06534
0.9142877
61.10788
0.8050289
61.153
1.219489
61.20114
2.349604
61.25471
1.845996
61.30077
1.099673
61.34308
0.7010924
61.38976
0.9681343
61.43379
1.501026
61.48742
2.481123
61.53349
4.178467
61.57583
4.911232
61.62381
7.796011
61.6675
11.38493
61.71169
16.03914
61.7707
20.01806
61.82197
21.76161
61.85743
22.48233
61.90167
20.39379
61.94972
17.98608
62.00388
15.94118
62.04774
15.058
62.09433
11.951
62.13768
9.026805
62.17915
7.809519
62.23941
7.531947
62.28411
6.954574
62.32689
5.809405
62.37658
6.255296
62.4213
3.728357
62.45812
2.764846
62.51476
2.941313
62.56026
3.069373
62.60472
3.086672
62.64957
2.738025
62.69726
2.608195
62.74888
2.019067
62.79469
1.184817
62.84046
0.1506579
62.88267
1.200241
62.93978
3.440597
62.9869
5.355879
63.02931
7.153574
63.07807
9.130067
63.11956
10.72681
63.17358
12.30629
63.22364
14.1081
63.2666
13.60191
63.31248
12.56525
63.35469
12.05033
63.39867
12.00027
63.45642
12.97555
63.50041
10.7931
63.54131
8.24536
63.58965
6.120645
63.63342
4.02
63.68691
2.043252
63.73302
0.1027921
63.77991
1.901046
63.82138
2.18588
63.8723
2.394328
63.93779
3.338944
63.97082
3.713095
64.01145
5.331346
64.06027
5.437434
64.10309
6.809765
64.1595
8.885089
64.20085
9.913715
64.24708
9.985878
64.29188
10.78682
64.33662
12.65386
64.38329
13.38237
64.43944
15.19951
64.48068
16.52843
64.52704
18.56601
64.56956
21.36783
64.61534
25.17949
64.66157
28.2849
64.71445
33.95864
64.76293
38.86264
64.80424
43.6777
64.85376
47.78063
64.89424
53.11722
64.95063
61.43768
64.99793
61.18659
65.04018
58.23165
65.08398
60.13781
65.14139
65.97398
65.18349
66.53349
65.23045
69.27366
65.27426
75.21513
65.32176
92.7825
65.36431
118.3376
65.4086
179.0266
65.46285
158.5422
65.50874
154.3536
65.55409
150.8964
65.6003
150.3695
65.65694
148.0664
65.6978
146.8166
65.74559
146.0619
65.78751
146.3532
65.83451
148.4029
65.87785
148.9892
65.92461
149.2562
65.97737
150.5008
66.02461
150.4642
66.06851
151.4028
66.11514
150.1664
66.16768
151.985
66.2123
151.9876
66.25896
151.7397
66.30345
152.7781
66.34796
152.4465
66.39458
152.7114
66.44589
153.5299
66.49448
154.6686
66.53924
156.5032
66.58022
158.5191
66.63525
159.5006
66.69363
157.6733
66.73901
132.4512
66.78217
161.0795
66.82773
159.5385
66.8858
170.453
66.9264
168.422
66.9713
166.0738
67.01656
117.4566
67.06119
19.13233
67.1088
43.93975
67.15378
104.4923
67.20784
114.8106
67.25262
149.0497
67.2946
151.056
67.33951
135.1327
67.38443
98.54679
67.43928
55.32766
67.48642
67.17866
67.53143
71.53848
67.576
61.77286
67.61946
66.24322
67.66595
64.75929
67.71872
76.78069
67.7653
45.66105
67.80997
39.19329
67.85444
68.69921
67.89915
50.52532
67.9432
171.2814
67.98963
142.7053
68.04579
105.2028
68.08936
126.7525
68.13348
82.10075
68.17805
75.29823
68.23308
74.37939
68.28124
69.32467
68.32378
72.20064
68.37371
70.7306
68.41516
67.71091
68.46049
68.43181
68.51653
65.53934
68.55885
64.58796
68.60291
64.21081
68.65135
60.98531
68.6949
63.30078
68.75085
60.623
68.7952
60.87511
68.83647
58.92149
68.88141
58.43909
68.92942
59.10875
68.98273
58.60843
69.03069
59.64844
69.0707
57.20676
69.117
56.77393
69.16281
58.3156
69.20737
55.5697
69.26271
59.41476
69.31023
62.00012
69.34982
64.46809
69.39845
69.92782
69.44262
72.50307
69.49906
77.84071
69.54201
78.86284
69.58744
81.03169
69.63155
83.03626
69.68764
83.47701
69.73134
83.73013
69.77512
82.82635
69.82345
82.06798
69.86401
81.91541
69.91255
69.30631
69.96698
60.05327
70.01228
54.69209
70.05683
54.80978
70.10186
55.52333
70.14336
55.49285
70.19852
55.92361
70.23373
55.18092
70.29253
55.98062
