0
166.0219
0.7681549
67.29882
0.8160322
60.0566
0.8685439
52.33678
0.9169995
44.54265
0.9621906
37.97079
1.002729
31.51703
1.052429
25.34218
1.095134
19.86809
1.154009
13.46089
1.194724
8.805044
1.240862
5.717654
1.283937
3.218993
1.341431
1.088944
1.384859
0.2036718
1.426612
0.1678588
1.473665
0.7932757
1.519394
1.339983
1.574404
2.67181
1.62199
3.074726
1.663628
3.143297
1.708626
2.75868
1.757716
2.622639
1.809434
2.642121
1.856518
2.512481
1.89726
2.448486
1.944004
2.557343
1.998394
2.77227
2.033308
2.872217
2.090831
3.053899
2.130861
2.916382
2.17947
3.063116
2.22528
3.161369
2.276003
3.228951
2.320549
3.323428
2.370386
4.192458
2.411424
5.101732
2.458158
5.928206
2.498481
6.971673
2.554393
7.802177
2.603013
7.904278
2.647902
7.939044
2.688879
8.02074
2.743957
7.878583
2.791783
7.697609
2.836164
7.254553
2.880589
6.880625
2.936165
6.553917
2.982775
6.223024
3.027616
5.703789
3.072994
5.087772
3.112161
4.830511
3.158175
4.731558
3.206493
4.672273
3.24713
4.586676
3.302971
4.558445
3.348976
4.388518
3.397463
4.43809
3.437128
4.332959
3.487453
4.231238
3.539353
4.163865
3.586241
2.772623
3.630535
2.374133
3.676236
1.963736
3.715996
1.475384
3.76196
1.198447
3.80988
1.195995
3.862271
1.2116
3.907055
1.419962
3.951028
1.667653
3.999712
2.316213
4.054973
2.554816
4.100607
2.955719
4.145657
3.406973
4.18899
3.450144
4.242642
3.855138
4.288446
3.87919
4.333997
4.010441
4.380737
3.975128
4.420529
4.03551
4.464128
3.996843
4.523334
4.104271
4.567406
3.919066
4.614069
3.955176
4.658232
3.948089
4.711126
4.020682
4.75575
5.77567
4.803824
6.364856
4.846798
6.742471
4.889143
10.52125
4.949711
17.67723
4.980823
22.65371
5.040169
26.22186
5.083509
27.41527
5.125592
30.30547
5.176259
36.78015
5.216177
45.52058
5.274076
44.94632
5.315877
51.17852
5.364158
55.31998
5.413064
56.55463
5.471114
57.21979
5.505806
57.13813
5.551151
57.08028
5.59912
55.50231
5.641013
55.24221
5.684295
54.05988
5.729475
52.47634
5.782743
50.18562
5.829322
48.0696
5.87335
45.09608
5.921381
40.17056
5.974897
35.51498
6.020489
34.32667
6.06451
33.76595
6.107137
32.37882
6.163351
30.60267
6.208019
27.93548
6.255115
27.91763
6.301511
27.23691
6.341877
25.03887
6.387335
23.85778
6.431019
24.21399
6.4909
24.67015
6.537488
24.62526
6.577414
24.88226
6.625187
25.55611
6.677045
26.52454
6.725317
27.58603
6.767015
25.50571
6.813956
25.76595
6.857789
25.0304
6.911877
21.39983
6.95836
17.87372
7.000966
15.10533
7.045403
14.62657
7.093006
12.1834
7.145164
8.275785
7.192569
3.278531
7.241217
1.331486
7.281044
3.19733
7.328648
7.884137
7.379776
16.21539
7.427387
21.16632
7.473481
25.83283
7.514398
29.73022
7.561819
39.68338
7.60879
44.83954
7.658998
50.28137
7.705001
55.35739
7.751313
58.33463
7.793111
64.08665
7.839728
66.99462
7.88516
65.78059
7.931236
63.48847
7.982886
64.57487
8.033545
68.89384
8.07592
75.32592
8.121966
80.7302
8.162065
81.00493
8.220442
79.23529
8.264593
77.11384
8.312206
79.08049
8.352481
79.85707
8.399737
82.86074
8.454486
81.57213
8.501602
78.94276
8.541443
78.38443
8.588585
75.72044
8.638166
73.81779
8.678299
71.15099
8.720348
66.22162
8.778154
63.34882
8.825424
61.8596
8.867642
61.79648
8.914514
60.89732
8.955215
56.55696
9.014284
48.76197
9.058758
44.83364
9.105807
41.04153
9.150065
38.18419
9.196115
39.68788
9.238271
40.03857
9.291238
41.81865
9.336251
44.4644
9.382504
43.53367
9.427295
43.96733
9.481277
42.6874
9.515697
40.62807
9.5742
38.49573
9.613671
35.01554
9.662378
29.97699
9.713921
24.85749
9.761866
22.19197
9.807338
19.26859
9.850425
16.36819
9.897963
11.25223
9.943677
8.711811
9.999157
7.155247
10.30218
19.35122
10.30842
20.39025
10.31999
21.09521
10.33161
20.98694
10.34419
21.16076
10.35629
21.49434
10.36796
21.76945
10.37398
21.7836
10.40795
23.79115
10.47098
26.60779
10.51202
28.79949
10.55302
34.38859
10.59916
37.75903
10.64568
35.68915
10.68774
38.88953
10.74309
39.98958
10.79081
40.87934
10.83352
39.89418
10.87788
39.76574
10.9253
36.3807
10.97758
31.41856
11.02271
29.04195
11.07087
24.34729
11.11189
19.50198
11.15815
12.97406
11.20569
6.200046
11.25738
0.4252063
11.3018
7.175261
11.34873
14.62666
11.39374
20.26287
11.44638
22.21332
11.49534
28.14168
11.53657
33.56808
11.58271
37.12783
11.6263
37.05928
11.68603
41.85265
11.72907
47.63862
11.7748
50.64497
11.81731
55.47776
11.86354
59.58328
11.90682
66.75436
11.96552
69.98651
12.00687
77.21509
12.05236
83.01801
12.09734
84.4467
12.14984
85.34851
12.19752
86.46719
12.24046
86.68255
12.29088
85.59083
12.32908
86.38431
12.37536
86.45472
12.43349
83.27112
12.47406
85.31004
12.52398
82.90241
12.5644
80.63414
12.61042
80.13297
12.65659
75.3757
12.71185
71.89297
12.75858
65.60167
12.80042
60.76848
12.84661
57.57864
12.90047
49.40968
12.94803
42.7777
12.98814
37.17293
13.03468
32.17102
13.09561
26.11475
13.13707
21.4615
13.17805
16.90975
13.22528
16.31256
13.28178
15.2077
13.32375
13.48775
13.36985
12.14616
13.41435
10.38008
13.45681
10.48528
13.50602
10.29272
13.55816
11.86829
13.60449
15.56345
13.65071
13.64888
13.69267
12.46119
13.73686
15.83463
13.78452
17.71215
13.83606
17.35714
13.88171
14.34348
13.92595
14.27968
13.97302
14.02959
14.01832
13.01132
14.06433
11.6743
14.1071
9.216866
14.16487
11.27077
14.20693
9.962532
14.25357
5.570176
14.29471
4.990494
14.34319
3.988309
14.38564
1.831414
14.44335
2.179424
14.48753
6.989124
14.53195
4.058399
14.57754
4.149967
14.63038
5.148906
14.67759
5.768981
14.72064
7.231421
14.76883
10.41155
14.82147
13.69038
14.85651
16.28909
14.91561
16.95508
14.95666
13.78603
15.00085
15.65143
15.0487
15.66209
15.10176
15.54119
15.14668
15.7618
15.1896
17.68951
15.23599
14.63254
15.28215
9.639616
15.33428
7.198709
15.38274
1.906597
15.42487
1.417893
15.47103
5.333367
15.51166
7.229874
15.5587
10.45487
15.61693
11.43807
15.65964
12.58972
15.70609
13.40522
15.7483
15.00656
15.79474
16.36312
15.84025
17.34005
15.8944
16.82365
15.93791
14.72339
15.98183
14.80171
16.02915
13.73581
16.0722
15.52973
16.11733
16.94207
16.17654
12.55696
16.21804
11.24194
16.2643
9.065705
16.32503
7.343234
16.36286
6.532489
16.40905
3.364877
16.45007
3.603588
16.495
1.416098
16.5421
0.660568
16.59929
1.392548
16.64511
0.5442861
16.68566
0.311533
16.73104
0.220287
16.7916
1.24364
16.83366
1.659536
16.87638
2.346687
16.92216
2.354181
16.97103
2.494812
17.01114
3.132816
17.05752
2.798273
17.10962
2.032303
17.1565
1.298901
17.20324
0.8462666
17.24297
0.3127867
17.28782
0.4545648
17.34479
2.524295
17.39192
5.537995
17.44488
8.750709
17.47911
10.78294
17.5251
13.34014
17.56993
19.64605
17.6161
27.26921
17.67241
37.33046
17.71364
45.34048
17.76318
49.41947
17.80289
50.24144
17.85961
61.70829
17.90647
62.35862
17.9483
57.23496
17.99665
52.06807
18.03739
49.19353
18.09595
54.11633
18.14133
56.21536
18.18785
55.48662
18.22757
55.61082
18.27173
55.99427
18.3298
54.82185
18.37079
52.64972
18.42013
50.54139
18.46137
48.09937
18.51859
46.54765
18.56462
45.10501
18.60691
46.30684
18.65189
45.40283
18.69703
43.41569
18.75491
39.02315
18.79697
33.17086
18.84477
33.49159
18.88618
32.45846
18.93351
29.44341
18.98914
24.82899
19.03492
22.73487
19.07525
23.22538
19.12168
25.00875
19.1806
28.68184
19.22276
26.73434
19.26635
29.59688
19.31189
25.62421
19.35744
22.96814
19.41254
24.22682
19.45903
22.54265
19.50674
23.35075
19.54747
21.37493
19.59495
19.53955
19.64673
17.58323
19.69318
17.26717
19.73504
16.65577
19.77884
14.6755
19.849
17.88021
19.89472
13.36379
19.9357
15.04226
19.98111
16.24035
20.02455
7.686867
20.08163
11.90615
20.12429
9.289905
20.17102
8.10358
20.21425
6.545565
20.26112
2.731297
20.30701
6.508189
20.36494
7.356955
20.40908
8.946721
20.44965
6.305526
20.49534
7.862972
20.55373
12.13872
20.59562
11.84788
20.64353
11.32816
20.68451
9.111905
20.74345
11.07379
20.78459
9.730963
20.82941
9.083158
20.87435
8.91048
20.92123
7.328684
20.96612
8.411415
21.01039
6.931804
21.06808
7.955543
21.11153
9.355321
21.15778
6.999557
21.1997
8.273578
21.25607
5.764222
21.30237
3.961558
21.34311
4.738261
21.38972
4.041039
21.43404
3.302094
21.47936
2.659621
21.52195
2.636485
21.57993
3.494688
21.62258
3.22519
21.66865
2.565901
21.71443
2.177357
21.76841
1.880344
21.80324
1.909366
21.85686
3.373072
21.90387
3.282052
21.95052
2.636262
21.99278
2.340005
22.04665
1.362144
22.0938
1.372306
22.14137
1.167346
22.18597
0.758472
22.22967
0.3976209
22.28313
0.2517883
22.32528
0.7284679
22.3713
0.6763749
22.41735
0.7737964
22.46489
1.129346
22.51713
1.319231
22.56413
1.645443
22.60455
1.844405
22.64949
1.971395
22.69608
2.600379
22.75521
3.099394
22.79587
3.710299
22.84173
4.307253
22.88744
4.989944
22.93483
6.123046
22.98876
7.620275
23.03293
8.442037
23.07567
9.465997
23.12085
10.64396
23.16687
12.08772
23.22474
14.186
23.26698
16.33727
23.31295
19.46987
23.35256
25.05109
23.41229
31.98553
23.45555
35.0092
23.50341
37.71664
23.54275
42.21249
23.59026
44.42582
23.63857
47.34816
23.68964
51.13321
23.73725
56.43095
23.77918
59.86398
23.82694
60.15627
23.86689
62.30505
23.9239
68.82323
23.97054
73.36132
24.01371
76.00336
24.0573
78.33894
24.10354
78.09798
24.16237
76.62099
24.20276
73.93622
24.25078
68.8719
24.29607
64.8922
24.33593
63.85476
24.3919
60.52135
24.43811
58.15434
24.48392
55.3101
24.53017
51.83181
24.57224
52.9295
24.61967
54.76205
24.6629
55.6344
24.71569
47.0616
24.76226
43.57619
24.81082
40.97629
24.85155
39.0121
24.90528
36.59682
24.95186
35.83475
24.99913
32.79522
25.04468
22.61414
25.08835
19.08736
25.14073
15.59909
25.18734
9.982608
25.23304
4.905844
25.27523
1.372591
25.32155
3.098383
25.36632
5.305149
25.42387
8.689257
25.4686
11.32994
25.50915
7.412036
25.55477
10.78016
25.61254
13.11377
25.65848
9.938459
25.70144
9.961703
25.74256
9.33915
25.78871
7.264202
25.84807
9.15706
25.89206
10.47384
25.93707
9.290813
25.98296
8.412349
26.02507
6.796388
26.08551
3.903646
26.1243
3.463963
26.17242
5.201419
26.21393
2.595556
26.26088
2.184447
26.31508
3.263988
26.36114
3.353863
26.40389
3.420909
26.45812
3.646958
26.50761
4.3807
26.55396
4.034054
26.5961
3.853715
26.63763
3.505987
26.69345
2.884323
26.74081
2.227653
26.78663
1.001515
26.83137
0.57743
26.87604
3.131754
26.9202
4.791174
26.96745
5.008129
27.00894
5.866617
27.05539
7.043474
27.11118
6.829006
27.15145
6.002667
27.20975
6.428095
27.24631
6.521283
27.28745
5.462281
27.34194
6.406187
27.38803
6.866385
27.43414
7.7849
27.47464
6.703059
27.53426
6.736447
27.57607
5.055399
27.62196
2.69733
27.66495
5.154117
27.71422
6.588803
27.75497
8.373486
27.81374
7.791201
27.85663
8.007316
27.90482
7.866765
27.9468
7.296352
27.99243
6.93616
28.04425
6.332954
28.0906
6.387489
28.13475
6.885127
28.18117
5.952263
28.22794
6.56226
28.27921
7.93934
28.32906
10.36322
28.36951
11.32392
28.41674
13.27113
28.4606
13.56415
28.50775
13.36735
28.56307
11.51312
28.60449
11.39309
28.65199
9.095263
28.69742
7.87948
28.75266
10.95706
28.79342
10.05849
28.84003
10.57181
28.88761
11.38707
28.94142
10.05346
28.98352
9.68495
29.02995
7.983722
29.07631
5.666833
29.11888
2.183909
29.16673
1.051274
29.22033
1.437902
29.2666
3.415926
29.30823
4.526103
29.35679
5.934651
29.39706
4.70103
29.44371
4.378911
29.49658
3.149705
29.54732
4.155956
29.58677
5.367173
29.63279
4.605896
29.69162
3.861735
29.73531
4.373138
29.77773
3.100404
29.82477
2.203715
29.87006
2.041527
29.91049
0.5951191
29.9718
3.534353
30.01325
2.883373
30.05988
2.501629
30.1008
4.620926
30.14491
6.061748
30.19086
6.875149
30.24955
6.39948
30.29085
8.197453
30.3391
7.599515
30.37965
7.631213
30.4374
7.108706
30.48385
7.105338
30.52505
6.647709
30.57367
6.598171
30.61457
6.523899
30.66045
6.153197
30.71837
6.204219
30.76216
5.512742
30.80649
5.082417
30.85067
3.800761
30.90808
0.7753122
30.94942
2.194013
30.99693
3.66196
31.03827
1.979816
31.08519
1.0622
31.13039
0.4689721
31.1862
0.8334522
31.23404
0.4215088
31.27399
0.2907402
31.32154
0.9037398
31.3664
2.454394
31.418
6.699283
31.46547
7.249548
31.50785
6.269447
31.55256
5.798903
31.59955
6.690407
31.64511
5.413524
31.69691
3.704278
31.74415
3.161679
31.7883
5.0347
31.83405
5.969199
31.87759
5.304115
31.92347
6.257709
31.97904
5.710349
32.02637
3.461588
32.06826
2.641158
32.11497
1.83579
32.16231
0.5237671
32.21752
0.07912937
32.2616
0.4044518
32.30236
2.706169
32.34968
5.499894
32.3927
6.28706
32.43887
4.393023
32.49125
2.772199
32.53962
4.482225
32.58226
5.367209
32.65118
3.874088
32.69177
6.173427
32.73966
9.194837
32.78316
4.617788
32.82953
3.196411
32.88291
2.665576
32.92889
0.8400003
32.97388
4.82223
33.0203
7.460745
33.06124
11.34738
33.119
11.8507
33.16774
11.47538
33.20877
12.56961
33.25431
12.04173
33.29465
11.63698
33.34359
11.27044
33.3987
8.515438
33.44376
7.340588
33.48419
6.733418
33.53303
5.640522
33.5764
5.182058
33.63416
4.53475
33.67473
4.135359
33.72296
3.424341
33.77131
2.914502
33.82334
2.740526
33.85357
2.473776
33.91199
2.273311
33.95797
2.216908
34.00034
2.00935
34.04706
0.5485832
34.09926
0.2036718
34.14448
3.412256
34.19244
6.157242
34.2331
6.737291
34.28045
4.91486
34.32817
5.268568
34.38279
3.720576
34.4244
3.17521
34.47253
3.522867
34.5131
2.462992
34.55923
3.637335
34.6133
3.8752
34.66012
4.720284
34.70668
5.972088
34.74881
5.893419
34.80719
6.371722
34.84811
4.336076
34.89409
2.763572
34.94101
2.332045
34.9839
1.360994
35.03169
0.2272819
35.08426
1.109417
35.12665
0.6807005
35.17976
0.4247459
35.21562
0.8303944
35.26258
1.282374
35.31091
2.520725
35.3629
2.99957
35.40714
1.696852
35.45838
0.5626699
35.49903
0.5668277
35.54497
0.5432066
35.60028
0.9448116
35.64341
1.633866
35.68534
2.053856
35.73112
1.616284
35.77736
2.262524
35.83157
1.949131
35.87847
2.760878
35.91973
3.519086
35.96842
4.326671
36.01239
4.377928
36.0708
4.113851
36.11215
4.460279
36.15794
5.175891
36.2006
6.5084
36.24675
6.44199
36.29295
7.645549
36.33294
10.36481
36.39053
12.27525
36.43341
9.143595
36.48064
8.288682
36.52396
5.834824
36.58248
5.275035
36.62703
5.51491
36.66882
5.414283
36.71461
5.594224
36.758
7.031265
36.8069
8.09204
36.85968
9.963796
36.90546
11.29337
36.94826
11.43442
36.99472
13.8099
37.04995
13.16612
37.09564
10.47396
37.1418
8.971546
37.18275
7.795784
37.22704
6.759437
37.27418
4.593631
37.32831
4.950566
37.37569
2.225016
37.42331
1.035521
37.46392
0.9753835
37.51034
0.5911604
37.56137
1.065511
37.60994
2.745806
37.65226
3.13519
37.69912
1.744282
37.74476
1.843768
37.79893
2.015962
37.84204
0.8434873
37.88662
1.879927
37.93325
2.110442
37.97811
1.895375
38.03166
2.369925
38.07779
1.377998
38.12557
3.137437
38.16532
3.618553
38.21295
3.460287
38.26617
3.292177
38.31407
3.539612
38.35494
3.892997
38.40142
3.755463
38.45429
4.493224
38.49762
4.958553
38.54457
5.309875
38.59261
5.356061
38.6348
4.866471
38.68227
1.711093
38.72828
0.06852804
38.76892
3.338709
38.82902
2.161751
38.87107
1.162138
38.91759
2.623311
38.95885
3.609343
39.00528
6.358353
39.04867
5.927049
39.10721
8.958506
39.14872
10.48124
39.19647
9.037138
39.24024
7.687531
39.28116
7.201189
39.32878
8.421262
39.3759
9.190711
39.4291
10.57935
39.47408
11.29608
39.51617
10.89034
39.56294
13.07565
39.62238
13.71587
39.66182
12.66417
39.70905
6.387949
39.75374
2.128265
39.79901
0.1046783
39.85618
3.12606
39.90001
0.3588198
39.94081
2.779251
39.98759
3.503696
40.03456
1.662481
40.0865
1.919079
40.13205
0.6968932
40.1771
0.9775878
40.21983
1.479094
40.26511
1.512197
40.31127
1.102339
40.35868
0.9650977
40.40991
0.8379012
40.45838
1.068445
40.49931
0.6552143
40.54381
0.9815831
40.59064
0.8800449
40.64749
0.3000144
40.67973
0.4660423
40.73476
0.03426402
40.78142
0.1876719
40.82786
0.249446
40.88226
0.6330382
40.92399
0.5066768
40.96921
0.0656106
41.01616
1.128132
41.06407
2.063174
41.11555
3.420107
41.16117
2.067059
41.20633
1.176031
41.24802
3.686102
41.29551
1.402211
41.34792
1.163652
41.39206
3.044847
41.43789
1.827028
41.48678
0.8180492
41.52711
1.941788
41.58343
0.9274623
41.62998
3.059087
41.67894
4.751637
41.71957
1.503891
41.76185
0.7462481
41.80856
0.06852804
41.86121
0.920261
41.90957
0.03956468
41.95131
3.866245
41.99727
5.472998
42.04366
3.35141
42.09866
6.60628
42.14507
6.978478
42.18707
5.859262
42.23394
3.867208
42.27861
1.798092
42.3325
3.678445
42.3788
2.65203
42.42487
1.792641
42.46449
0.7763211
42.51442
0.7236168
42.56649
0.7697397
42.61276
1.519297
42.65807
2.633142
42.70248
3.959629
42.74369
4.17542
42.78991
4.6516
42.84698
5.102577
42.89443
5.643996
42.93452
6.172951
42.98286
6.088274
43.04552
5.654265
43.08055
5.224685
43.1286
4.260805
43.17338
3.894003
43.21263
3.196166
43.25753
1.309853
43.31638
0.3316129
43.36153
0.9270402
43.40832
3.614655
43.44933
7.350578
43.49885
10.10766
43.54908
16.36496
43.59754
19.27684
43.64317
24.28761
43.6838
24.1258
43.72773
21.4842
43.7846
19.83746
43.83274
20.1151
43.87402
23.60646
43.91996
27.26265
43.96584
30.0158
44.01853
30.18405
44.06385
31.21592
44.11077
32.746
44.15771
34.51118
44.20029
37.56058
44.25274
40.25402
44.30302
42.07465
44.34484
42.96139
44.38604
42.95494
44.43236
45.15664
44.47944
47.59617
44.52242
49.47547
44.58048
49.16201
44.62132
50.6024
44.66849
49.9163
44.71669
50.83173
44.76859
50.98627
44.81453
49.59912
44.86014
47.41754
44.90176
46.9372
44.94543
46.78939
45.00115
45.25185
45.04776
45.47026
45.09579
43.64908
45.13961
37.90326
45.18166
38.25822
45.2389
37.24862
45.2816
35.75486
45.33067
35.55808
45.36968
35.03288
45.41686
35.28267
45.47378
32.68116
45.51564
31.00583
45.56371
28.94682
45.60379
26.68472
45.65055
24.33429
45.69654
23.00329
45.75201
19.70601
45.7975
14.76252
45.83781
14.68584
45.89625
2.595406
45.94536
0.2987072
45.9747
0.2046302
46.0303
6.63451
46.07797
10.98055
46.11934
14.32441
46.16561
10.39311
46.21767
7.562394
46.26481
2.487741
46.31091
4.561624
46.35364
6.247675
46.39958
3.479922
46.45369
4.605003
46.50144
2.404199
46.54556
7.511415
46.58741
5.303635
46.63595
4.814098
46.67554
7.132069
46.72146
7.77183
46.77707
9.61691
46.82365
8.599141
46.86934
7.702375
46.91425
7.050961
46.96868
7.106222
47.0154
5.036062
47.06178
2.579595
47.10128
3.491661
47.154
2.962071
47.19515
4.736813
47.2487
6.851687
47.29044
5.442046
47.33961
4.409222
47.38354
2.691082
47.43605
2.799532
47.48376
0.4981082
47.52928
2.514661
47.57214
0.8003972
47.61822
0.5640592
47.67113
1.692695
47.71789
1.349442
47.76182
1.758696
47.80815
0.7241574
47.84827
1.188609
47.90539
2.113592
47.94106
3.22033
47.99813
4.201464
48.0434
5.573341
48.08848
6.416646
48.13958
8.422521
48.17325
7.814846
48.23747
3.028343
48.27551
5.141671
48.3202
4.465194
48.36315
4.850826
48.41798
5.252663
48.46347
6.34477
48.51177
6.67165
48.56028
3.770397
48.59909
4.107705
48.64771
3.500454
48.69051
1.884502
48.74828
1.866345
48.79219
1.736636
48.83323
1.830345
48.88028
2.636039
48.92679
1.402211
48.98252
2.441762
49.02203
1.711436
49.07307
4.566646
49.11344
2.708194
49.15509
0.4311472
49.20654
3.703696
49.25935
6.258085
49.30841
8.570246
49.35054
6.858068
49.39575
9.447227
49.43619
15.23973
49.49398
17.01898
49.53965
13.89885
49.57965
11.78892
49.62805
14.4221
49.6738
11.58167
49.7267
10.75962
49.77324
8.257805
49.81739
9.74324
49.85912
8.137525
49.91666
5.989525
49.96241
3.860112
50.00441
2.205934
50.05118
2.480019
50.09907
0.4626713
50.14104
3.246909
50.2014
5.794879
50.24316
8.205473
50.28328
9.29608
50.33078
10.03744
50.377
9.209551
50.4216
8.871104
50.46222
10.84366
50.52165
7.624884
50.56873
6.315469
50.61217
7.492424
50.65369
7.054105
50.71109
3.417473
50.75207
0.1532334
50.798
2.916584
50.84158
5.975205
50.888
7.272732
50.94459
9.692194
50.9914
10.96623
51.0338
10.81037
51.07983
9.321753
51.12129
8.473823
51.16832
6.93418
51.2285
5.071032
51.26876
4.138058
51.31592
2.915711
51.35673
2.189816
51.4048
0.02797646
51.44875
1.98761
51.50132
0.5723243
51.54759
0.6740565
51.5936
0.7517344
51.6363
1.200404
51.68149
2.127621
51.73969
3.906304
51.77978
4.876484
51.82684
4.878654
51.87243
5.558694
51.91455
5.516438
51.97251
5.942605
52.01888
5.095623
52.06223
4.077415
52.10926
2.35335
52.15063
1.070823
52.19831
3.715467
52.25438
9.70304
52.30029
16.32401
52.3402
25.54634
52.38678
33.22874
52.43544
38.45638
52.48628
47.45116
52.53194
51.24736
52.57805
53.85262
52.61859
54.85092
52.66666
55.91098
52.71894
55.11418
52.76492
52.20064
52.81008
48.88186
52.85755
47.63229
52.9096
54.46944
52.95597
55.55404
53.00101
55.91568
53.04968
56.75928
53.08991
57.12188
53.13522
57.7373
53.18154
56.74431
53.23375
52.47403
53.27747
54.55328
53.32309
52.36495
53.36887
49.54236
53.41405
49.68801
53.47068
46.94181
53.51188
45.01923
53.55828
41.61544
53.60435
36.96998
53.65006
36.28315
53.70481
30.63769
53.75087
25.93579
53.79566
23.25892
53.83691
20.86964
53.88628
19.24716
53.92651
16.62149
53.98432
13.97048
54.02953
10.66991
54.07167
8.966003
54.11847
6.381961
54.17132
1.382818
54.21923
0.2818553
54.26914
3.914316
54.3097
5.654855
54.35051
7.197974
54.40745
6.752847
54.44998
6.511413
54.49959
6.036665
54.54135
6.424861
54.58768
12.56362
54.64459
12.71602
54.68798
14.39275
54.73382
17.89757
54.7791
24.10473
54.81924
29.04877
54.86425
28.30936
54.91184
30.1418
54.95705
31.92154
55.00871
34.36186
55.05467
34.99163
55.10247
36.39793
55.14376
40.5862
55.20051
44.00064
55.24738
41.66465
55.29321
38.35878
55.33356
37.80703
55.38031
33.92538
55.43708
31.93591
55.48035
29.89573
55.52298
24.36917
55.57186
20.23454
55.61271
15.79153
55.67047
9.101592
55.71444
6.808239
55.76046
4.759381
55.814
1.955147
55.84968
1.665892
55.90645
0.04423466
55.94922
2.446167
55.99523
3.505819
56.04163
4.470936
56.08176
9.297496
56.13828
9.864539
56.18524
9.592164
56.23714
12.17709
56.28418
13.69005
56.33821
13.93744
56.38491
19.31175
56.43108
18.74382
56.47249
19.12665
56.52165
22.21182
56.57596
26.05679
56.617
26.7198
56.66314
29.37617
56.707
33.24521
56.75337
35.56077
56.80022
35.94547
56.85117
38.49797
56.90125
38.98842
56.94199
37.90723
57.00073
39.88198
57.04174
38.17408
57.08846
37.71121
57.13165
36.51391
57.17698
36.16149
57.22382
33.68011
57.27716
29.32666
57.32652
27.13046
57.36743
26.14015
57.4123
24.6241
57.4712
21.52351
57.51404
20.76409
57.5554
15.25294
57.6017
8.449965
57.64747
6.585617
57.70791
8.330035
57.75065
6.715832
57.79122
6.978423
57.83764
7.875742
57.88007
9.023757
57.93997
10.23368
57.97994
10.04737
58.02617
10.50221
58.07284
10.64081
58.11663
14.37276
58.16976
17.26866
58.21579
14.90015
58.25845
19.40448
58.30569
22.47369
58.34999
25.08699
58.3966
27.15143
58.45007
26.95105
58.49636
29.6288
58.54195
27.17759
58.58776
25.72742
58.64242
26.82876
58.68407
24.85205
58.73269
24.1522
58.77416
21.30011
58.81893
21.39125
58.86466
19.92317
58.91094
19.31034
58.96744
18.24106
59.00837
15.70793
59.05457
15.82375
59.10145
11.65729
59.1442
11.11533
59.19069
16.55764
59.24338
16.63891
59.29041
13.41563
59.33959
15.61699
59.37606
17.2637
59.43334
12.18097
59.47978
9.961683
59.52717
7.392368
59.57079
6.361836
59.61276
2.504522
59.66057
0.7587299
59.71249
2.735235
59.75725
5.765072
59.80321
9.440234
59.84586
12.86101
59.8926
16.18583
59.94039
15.40994
59.99059
18.5625
60.03785
20.64358
60.08464
22.71293
60.12544
25.23017
60.17381
26.16982
60.22879
29.4097
60.27148
30.65487
60.31618
32.19917
60.36417
34.91564
60.40336
37.22305
60.44991
37.52017
60.50798
37.13313
60.55602
36.37919
60.59695
36.68237
60.64278
38.18204
60.68403
37.80732
60.742
38.06623
60.77392
37.78084
60.83178
36.22828
60.87686
34.83525
60.91816
31.56057
60.96687
33.03522
61.01927
33.87394
61.06498
31.77511
61.10933
33.13737
61.15538
33.01566
61.19902
33.62543
61.25733
32.87716
61.29892
33.17519
61.34549
33.88576
61.38995
35.22788
61.43204
35.98951
61.48984
36.69709
61.5356
37.16706
61.57805
36.28831
61.62417
37.07711
61.67145
41.16195
61.71122
43.70678
61.76913
44.03614
61.81194
45.12476
61.85967
46.21238
61.90123
45.20239
61.94859
42.75942
62.00248
41.15373
62.0485
40.03629
62.09508
36.01151
62.13579
31.90637
62.18554
28.94478
62.23864
28.08352
62.28081
27.47432
62.32887
26.13168
62.37485
26.94195
62.41758
24.20627
62.46348
23.46382
62.517
23.97302
62.5632
23.88249
62.60498
23.25924
62.65126
22.08479
62.6981
21.18153
62.75439
19.7982
62.79746
18.54921
62.83854
18.05324
62.88419
18.1622
62.94254
18.10822
62.98795
17.79255
63.03113
16.88104
63.07478
15.9248
63.12167
15.627
63.17869
15.86629
63.21979
15.72361
63.26748
16.72061
63.31328
18.60923
63.35487
20.47364
63.40268
21.65074
63.45415
21.86116
63.50108
24.50607
63.5469
28.60751
63.58864
32.38766
63.63718
36.08929
63.69503
40.41397
63.75233
50.65363
63.78204
59.42724
63.82504
68.23151
63.86766
76.88882
63.92656
88.49094
63.97144
97.55074
64.01511
107.2898
64.06203
118.9074
64.10337
128.9228
64.15643
142.2811
64.20305
151.1079
64.24904
159.1698
64.29543
164.2549
64.33631
169.1351
64.38287
172.5251
64.4373
177.8509
64.48386
178.0422
64.52681
173.5748
64.57359
166.8652
64.61456
159.912
64.66261
153.4542
64.71603
143.3804
64.76406
136.6771
64.8091
129.2807
64.85352
124.1215
64.89809
117.824
64.95379
107.5841
64.99978
103.2741
65.04141
101.9462
65.08905
94.81133
65.14343
83.46323
65.18959
79.60629
65.23399
73.49378
65.27458
69.39336
65.32197
53.31895
65.36295
28.2908
65.40958
32.58293
65.46809
54.39245
65.50874
57.94754
65.55607
61.03723
65.59768
62.87078
65.65838
58.55383
65.69946
56.30671
65.74291
53.831
65.79084
50.54418
65.83904
45.07394
65.88062
42.72004
65.92381
40.83043
65.97993
37.81497
66.02697
38.52936
66.06898
38.13816
66.1122
39.08621
66.17114
40.56441
66.21686
42.18505
66.25737
45.31586
66.30181
47.51474
66.35327
52.76542
66.39454
56.55494
66.45415
61.09489
66.49085
64.11538
66.54123
66.47397
66.58477
72.74058
66.63694
79.1054
66.69338
92.5707
66.7397
129.5948
66.78372
109.0701
66.8303
118.1044
66.88544
116.2077
66.93291
126.3103
66.97511
134.017
67.01614
175.9628
67.06725
78.21478
67.10826
104.2209
67.1545
167.5869
67.20683
177.8021
67.25697
76.07724
67.30047
73.41053
67.34209
52.97394
67.38806
12.25781
67.44125
34.83205
67.4904
22.52201
67.53042
17.77447
67.57753
27.15704
67.62261
25.42842
67.6647
29.06538
67.71947
19.03007
67.76699
142.1342
67.81258
135.8604
67.85834
165.6743
67.90165
148.1627
67.94593
72.29742
67.99194
116.8235
68.04594
152.0349
68.08992
128.8392
68.13533
172.3197
68.18204
177.9295
68.23495
177.7638
68.28318
178.098
68.32461
178.4069
68.37101
179.1237
68.41267
178.6788
68.45754
179.9515
68.51567
177.3304
68.56034
176.2547
68.60396
175.6969
68.64987
170.0956
68.69685
168.0871
68.75136
162.6158
68.7984
158.8537
68.84292
153.7554
68.88644
150.2629
68.93494
146.6071
68.98869
141.8316
69.03158
139.4043
69.07453
133.3736
69.11638
129.4227
69.16293
127.7081
69.2084
121.7598
69.26556
120.0481
69.30898
119.8277
69.35472
120.0008
69.39552
123.5974
69.44132
124.5032
69.5023
127.3786
69.54495
125.8331
69.58604
126.5065
69.63156
127.3333
69.69006
127.243
69.73459
127.4455
69.77638
126.426
69.82195
125.3947
69.86508
125.1152
69.91358
112.6656
69.96641
105.8121
70.0133
103.0125
70.05842
105.6148
70.10683
107.4634
70.14783
107.8571
70.20466
108.5924
70.23464
108.1239
70.29336
110.2046
